0.284519
0.283489
0.283489
0.283661
0.283489
0.288978
0.283489
0.283661
0.28469
0.283661
0.283489
0.28469
0.283661
0.283661
0.283661
0.283489
0.28469
0.283489
0.283661
0.28469
0.283661
0.283661
0.284519
0.283489
0.284519
0.283489
0.283489
0.284519
0.283489
0.283489
0.284519
0.283489
0.283489
0.283489
0.283489
0.28469
0.283661
0.283489
0.284519
0.283489
0.283489
0.284519
0.283489
0.284519
0.283661
0.283489
0.28469
0.283489
0.283661
0.284519
0.283661
0.282632
0.283489
0.282289
0.283489
0.283661
0.28469
0.283661
0.283489
0.284519
0.283489
0.283489
0.283489
0.283489
0.284519
0.283661
0.283661
0.28469
0.283489
0.283661
0.284519
0.283661
0.283489
0.283661
0.283489
0.284519
0.283661
0.283489
0.28469
0.283489
0.283661
0.283661
0.283661
0.28469
0.283489
0.283661
0.284519
0.283489
0.283661
0.28469
0.283489
0.283489
0.283661
0.283489
0.28469
0.283661
0.283661
0.28469
0.283661
0.283661
