0.656673
0.652557
0.660618
0.653587
0.656502
0.660789
0.652386
0.660789
0.656331
0.656331
0.660961
0.656331
0.660789
0.652557
0.660789
0.656502
0.660789
0.656502
0.656159
0.660447
0.656673
0.656673
0.653587
0.656331
0.656331
0.652557
0.656331
0.656845
0.656502
0.652386
0.656502
0.660618
0.656331
0.656502
0.656502
0.656331
0.660789
0.652557
0.660961
0.656673
0.656845
0.660961
0.656331
0.660789
0.656331
0.656673
0.660447
0.660789
0.656159
0.660789
0.660789
0.656331
0.657531
0.660789
0.652557
0.652557
0.652557
0.660961
0.656502
0.655644
0.656331
0.655473
0.657703
0.652557
0.652557
0.660618
0.656502
0.656331
0.656845
0.652729
0.653758
0.656331
0.656331
0.656845
0.656845
0.656331
0.656502
0.656159
0.660447
0.656331
0.660789
0.653587
0.660789
0.660618
0.660789
0.652557
0.660789
0.656331
0.656331
0.656331
0.652729
0.656502
0.656502
0.656331
0.656331
0.652729
0.656502
0.660447
0.660789
0.656331
