0.283661
0.28469
0.283489
0.283489
0.284519
0.283661
0.283661
0.283489
0.283661
0.28469
0.283489
0.283489
0.284519
0.283489
0.283489
0.28469
0.283661
0.28469
0.283661
0.283661
0.28469
0.283661
0.283489
0.284862
0.283661
0.283661
0.283661
0.283489
0.28469
0.283489
0.283489
0.28469
0.283661
0.283489
0.28469
0.287777
0.28469
0.283661
0.283489
0.28469
0.283661
0.287777
0.28469
0.283661
0.287948
0.283661
0.283661
0.28469
0.287777
0.283661
0.28469
0.283489
0.283661
0.284519
0.283661
0.283661
0.283489
0.283661
0.28469
0.287777
0.283661
0.288806
0.283489
0.283489
0.28469
0.283661
0.284519
0.283489
0.283489
0.284519
0.283489
0.283661
0.28469
0.283661
0.283489
0.283489
0.283489
0.284519
0.283489
0.283489
0.284519
0.283489
0.283489
0.284519
0.283661
0.282804
0.283661
0.282289
0.283489
0.283661
0.288806
0.283489
0.283489
0.284519
0.283489
0.284519
0.283489
0.283489
0.284519
0.283661
