0.656159
0.656159
0.656331
0.656159
0.656331
0.660618
0.656159
0.657359
0.660447
0.656673
0.660275
0.656159
0.656673
0.652386
0.655988
0.656159
0.656502
0.660618
0.661647
0.656673
0.656159
0.656159
0.656159
0.656331
0.656159
0.660618
0.656331
0.660618
0.656159
0.656331
0.656159
0.652557
0.656673
0.66319
0.660275
0.656159
0.656159
0.657359
0.656159
0.656331
0.660618
0.656159
0.656331
0.652557
0.660447
0.656502
0.652386
0.656159
0.657017
0.656159
0.656331
0.656159
0.656331
0.652215
0.656331
0.652557
0.656845
0.652557
0.660618
0.656159
0.652386
0.656673
0.656331
0.656331
0.656331
0.656673
0.656331
0.661475
0.656331
0.652386
0.656331
0.656159
0.656159
0.656502
0.656331
0.656331
0.656673
0.656159
0.656159
0.656331
0.656159
0.656331
0.656159
0.652215
0.656159
0.660447
0.657359
0.656331
0.656331
0.656331
0.656159
0.656331
0.656673
0.656159
0.656331
0.652557
0.652386
0.661647
0.652386
0.652386
