0.187964
0.187792
0.186763
0.187792
0.187964
0.187792
0.187964
0.187792
0.187964
0.187964
0.19208
0.187792
0.191737
0.186763
0.187792
0.187964
0.187792
0.187792
0.187792
0.187792
0.187792
0.186763
0.187964
0.187792
0.186763
0.179218
0.191908
0.187964
0.187792
0.187964
0.187964
0.187792
0.182647
0.183676
0.187792
0.187964
0.187792
0.187964
0.187792
0.187792
0.187792
0.187792
0.183676
0.182647
0.183676
0.187792
0.187792
0.183676
0.187792
0.183676
0.187792
0.186763
0.187792
0.183676
0.183676
0.187792
0.187792
0.187792
0.183676
0.183676
0.183505
0.187792
0.186763
0.183676
0.187792
0.183676
0.187792
0.183676
0.183676
0.183676
0.182647
0.187792
0.183676
0.186763
0.187792
0.187792
0.183676
0.183505
0.187792
0.187792
0.187792
0.186935
0.187792
0.183676
0.183676
0.187792
0.183676
0.183505
0.187792
0.183676
0.183676
0.183676
0.186763
0.187792
0.187792
0.187792
0.187792
0.187792
0.183505
0.183676
