0.660275
0.663362
0.657359
0.656331
0.656673
0.656331
0.656331
0.656502
0.656159
0.656331
0.656331
0.656331
0.660618
0.661304
0.660618
0.656673
0.660618
0.660618
0.660275
0.660275
0.660275
0.656673
0.660618
0.656331
0.656502
0.656159
0.663362
0.656331
0.656159
0.656502
0.656331
0.660618
0.657359
0.656331
0.660789
0.656331
0.656159
0.656331
0.660275
0.656331
0.656331
0.656331
0.663362
0.656331
0.656502
0.656331
0.656331
0.660618
0.656331
0.656331
0.656159
0.660618
0.656331
0.656331
0.660618
0.660618
0.660618
0.656331
0.660447
0.660618
0.660618
0.656331
0.657531
0.656845
0.656331
0.656331
0.660618
0.663362
0.656159
0.656331
0.663362
0.660618
0.656331
0.656331
0.656331
0.656159
0.663362
0.656331
0.656331
0.656331
0.656331
0.657359
0.663362
0.660275
0.656331
0.656502
0.656673
0.656331
0.660447
0.656331
0.656331
0.656331
0.664391
0.660618
0.660618
0.660618
0.656159
0.660618
0.656331
0.656331
