0.189336
0.189336
0.189336
0.189336
0.188478
0.189336
0.192594
0.189336
0.189507
0.192766
0.189336
0.189336
0.189336
0.189336
0.189507
0.188307
0.189336
0.189336
0.189507
0.189507
0.189507
0.189336
0.189336
0.188478
0.189336
0.189507
0.189336
0.189336
0.189507
0.189507
0.189507
0.189336
0.189507
0.189507
0.188478
0.189507
0.189507
0.189507
0.189507
0.189507
0.189336
0.189507
0.188478
0.189507
0.189507
0.188478
0.189507
0.189507
0.189336
0.189507
0.189507
0.189507
0.189507
0.188307
0.189507
0.189507
0.189336
0.189336
0.189507
0.189507
0.189507
0.189507
0.189507
0.189507
0.188307
0.189507
0.189336
0.189336
0.189336
0.189507
0.189507
0.189336
0.188478
0.189507
0.189336
0.18865
0.192594
0.192766
0.189336
0.189507
0.189336
0.189507
0.189336
0.188307
0.189336
0.189336
0.192594
0.192252
0.189507
0.189507
0.189336
0.188307
0.189507
0.189336
0.188307
0.192766
0.189336
0.192594
0.192594
0.189507
