0.283661
0.283661
0.28469
0.283661
0.283661
0.283661
0.283661
0.28469
0.283661
0.283489
0.28469
0.283489
0.283832
0.28469
0.283661
0.283661
0.283489
0.283661
0.28469
0.283661
0.283661
0.28469
0.283661
0.283661
0.28469
0.283661
0.28469
0.283661
0.283661
0.284862
0.283661
0.283661
0.284862
0.283661
0.283832
0.283661
0.283661
0.28469
0.283661
0.283661
0.28469
0.283661
0.283832
0.28469
0.283489
0.283661
0.283661
0.283832
0.28469
0.283661
0.287948
0.28469
0.283661
0.283661
0.283661
0.283661
0.28469
0.283661
0.283661
0.284862
0.283661
0.283661
0.28469
0.283661
0.283661
0.283661
0.283661
0.28469
0.283661
0.283489
0.28469
0.283661
0.283661
0.28469
0.283661
0.28469
0.283661
0.283661
0.28469
0.283661
0.283661
0.28469
0.283661
0.283661
0.283661
0.283661
0.284519
0.283661
0.283661
0.28469
0.283661
0.283832
0.284862
0.283661
0.283661
0.283832
0.283832
0.28469
0.283661
0.283661
