0.205628
0.205628
0.204428
0.205628
0.205628
0.204599
0.205628
0.2058
0.205628
0.205628
0.205628
0.205628
0.205628
0.204599
0.205628
0.205628
0.204599
0.205628
0.205628
0.205628
0.205628
0.204599
0.205628
0.205628
0.204599
0.205628
0.205628
0.204599
0.2058
0.2058
0.205628
0.2058
0.204599
0.2058
0.2058
0.204599
0.205628
0.205628
0.205628
0.2058
0.205457
0.205628
0.204428
0.2058
0.2058
0.204771
0.205628
0.2058
0.205628
0.205628
0.204771
0.205628
0.205628
0.204771
0.2058
0.205628
0.204599
0.205628
0.205628
0.205628
0.2058
0.204771
0.205628
0.205628
0.204599
0.205628
0.205628
0.205628
0.205628
0.205628
0.2058
0.2058
0.204599
0.205628
0.2058
0.204599
0.2058
0.205628
0.205628
0.2058
0.204771
0.2058
0.2058
0.204599
0.205628
0.2058
0.204771
0.205628
0.2058
0.205628
0.2058
0.204599
0.2058
0.205628
0.204599
0.205628
0.2058
0.205628
0.205628
0.204942
