0.912894
0.913924
0.902261
0.905692
0.910837
0.901232
0.909979
0.913752
0.896945
0.902433
0.902433
0.905692
0.898317
0.888198
0.901404
0.898145
0.912723
0.91701
0.902947
0.896602
0.911008
0.913924
0.90552
0.913924
0.901232
0.902433
0.91804
0.897288
0.913924
0.907235
0.905692
0.897802
0.892829
0.912723
0.906549
0.90552
0.898317
0.910837
0.901232
0.902433
0.897974
0.888198
0.906721
0.912894
0.901404
0.910837
0.90552
0.913924
0.903119
0.901404
0.893858
0.906549
0.912894
0.898489
0.892486
0.902605
0.914438
0.901404
0.902433
0.918211
0.901404
0.913752
0.912723
0.91701
0.913752
0.90552
0.902433
0.911008
0.89746
0.901576
0.905692
0.902605
0.912894
0.901404
0.906549
0.896945
0.913924
0.898317
0.901404
0.906721
0.913752
0.901232
0.893686
0.901404
0.906549
0.91804
0.901232
0.889399
0.902433
0.897288
0.898145
0.901404
0.901232
0.902433
0.896945
0.893858
0.906549
0.90552
0.902433
0.893515
