0.776552
0.770721
0.78084
0.789243
0.784956
0.785127
0.773465
0.769692
0.772436
0.777581
0.772436
0.78084
0.78084
0.772436
0.790272
0.772436
0.772436
0.777753
0.772436
0.785127
0.78204
0.78084
0.773465
0.781011
0.78084
0.773637
0.780668
0.77638
0.790443
0.769521
0.772436
0.781869
0.772436
0.786156
0.776552
0.785127
0.770549
0.78084
0.78084
0.781869
0.785127
0.789586
0.789243
0.785127
0.786156
0.772264
0.772436
0.790443
0.772436
0.784784
0.773465
0.772436
0.781869
0.776552
0.780668
0.785985
0.780668
0.772436
0.785985
0.78084
0.78084
0.78084
0.784956
0.781697
0.776552
0.780668
0.781869
0.784956
0.784956
0.773293
0.772436
0.777409
0.776209
0.772608
0.785127
0.789415
0.773293
0.772264
0.772264
0.773293
0.772264
0.773293
0.772264
0.772264
0.781869
0.780668
0.772264
0.781869
0.769349
0.789415
0.773465
0.78084
0.781697
0.780668
0.780668
0.781697
0.772264
0.784956
0.777753
0.784956
