0.725959
0.742938
0.724759
0.749969
0.741737
0.744653
0.730247
0.737621
0.745853
0.730075
0.744653
0.730247
0.73745
0.733505
0.749969
0.729047
0.725959
0.734363
0.729218
0.745853
0.742766
0.748941
0.745682
0.73745
0.741737
0.730075
0.733505
0.721501
0.738479
0.748941
0.730247
0.738479
0.741909
0.749969
0.733334
0.730419
0.742938
0.741737
0.749969
0.738479
0.73745
0.742938
0.733334
0.748941
0.742766
0.741909
0.738479
0.742766
0.729218
0.734363
0.742766
0.741566
0.730247
0.737621
0.730247
0.734191
0.729218
0.721501
0.734363
0.73745
0.734706
0.741909
0.748941
0.730075
0.748941
0.738651
0.734191
0.733163
0.730075
0.734363
0.744824
0.738479
0.748941
0.744653
0.730419
0.748941
0.721501
0.742595
0.748941
0.745682
0.730247
0.748941
0.742938
0.733334
0.730419
0.730247
0.748941
0.749969
0.749969
0.733334
0.734363
0.748941
0.726131
0.734363
0.744824
0.733849
0.7203
0.740537
0.690116
0.737279
