0.337512
0.337512
0.333396
0.337512
0.333225
0.337512
0.333225
0.333225
0.333396
0.337512
0.337512
0.333225
0.333225
0.333225
0.333225
0.337512
0.333225
0.337512
0.337512
0.337512
0.337512
0.337512
0.337512
0.337512
0.333225
0.333396
0.337512
0.337512
0.337512
0.333396
0.337512
0.333396
0.333396
0.333225
0.333396
0.333225
0.337512
0.333225
0.337512
0.333396
0.333225
0.333225
0.333225
0.337512
0.337512
0.333225
0.333053
0.333225
0.333225
0.333225
0.333225
0.333396
0.337512
0.337512
0.333396
0.337512
0.333225
0.337512
0.337512
0.337512
0.337512
0.337512
0.337512
0.337683
0.337512
0.337512
0.333225
0.333396
0.333396
0.337512
0.333225
0.337512
0.337512
0.333396
0.337512
0.336483
0.337512
0.337512
0.337512
0.337512
0.337512
0.337512
0.337512
0.333396
0.333396
0.337341
0.333396
0.333225
0.333225
0.337512
0.333396
0.337512
0.337512
0.333053
0.337341
0.337512
0.337512
0.337512
0.337683
0.337512
