1.11784
1.1036
0.621345
0.623402
1.12521
1.10463
0.617743
0.606252
1.09297
0.617229
0.617743
0.606767
0.621687
0.617743
0.62306
0.621859
1.09726
0.617743
0.617743
0.62649
0.606252
1.07994
0.606767
0.617914
0.617914
0.614313
0.613113
0.622545
1.09211
0.609683
1.09331
1.11664
1.12092
1.10463
1.1036
0.613627
1.11681
1.10789
1.10172
1.09211
1.09726
0.623917
0.61397
1.10892
1.10206
1.09211
1.09743
1.10806
1.0964
1.1307
1.10069
1.08782
1.09709
1.12967
1.10189
1.11767
1.09228
1.11338
1.10377
1.0964
1.09811
1.09246
0.614142
1.10172
1.10395
1.0892
1.1012
1.1084
1.11818
1.10103
1.10103
1.10909
1.09657
1.0892
1.11372
1.09228
1.0976
1.10789
1.09657
1.09314
1.10377
1.1295
1.0976
1.10823
1.11303
1.10086
1.08817
1.10137
1.10086
1.0964
1.09331
1.10086
1.12967
1.10189
1.09211
1.10154
1.10755
1.10823
1.1048
1.10052
