1.21422
1.06982
1.20822
1.20685
1.1024
1.09949
1.10549
1.10943
1.11406
1.19964
1.21525
1.11389
1.08937
1.0952
1.10566
1.08611
1.21525
1.10309
1.1223
1.20307
1.1024
1.09503
1.10497
1.1993
1.22794
1.07376
1.07462
1.18404
1.19535
1.09966
1.07342
1.10566
1.10309
1.1024
1.21542
1.21508
1.10583
1.20787
1.2029
1.19553
1.10686
1.09383
1.08868
1.22794
1.106
1.08645
1.09897
1.19964
1.21216
1.12298
1.41505
0.944622
1.20273
1.41608
1.41162
0.941364
0.769521
1.41522
0.937934
0.718585
1.21816
1.21233
1.41127
1.4147
1.1909
1.20702
1.19707
1.41608
1.2077
1.1897
1.19175
1.20359
1.19072
1.19124
1.2113
1.20839
1.42053
0.940849
1.42482
1.21182
1.19141
1.13962
1.13962
1.41196
0.937762
1.41488
1.4159
0.949938
0.76832
1.22794
1.41539
1.41608
1.20667
1.41625
1.2113
1.13327
1.17889
1.16997
1.18747
1.20753
