1.14819
1.14356
1.14819
1.13139
1.16826
1.13705
1.13139
1.09537
1.14425
1.0693
1.13173
1.14373
1.13945
0.921812
1.13499
1.13464
1.12418
1.14356
1.12761
1.15248
0.948738
0.938963
1.14391
1.15214
1.15694
1.10532
0.925928
1.13619
1.15265
1.13979
1.09743
1.13927
1.13464
1.13482
0.933818
1.12813
0.925414
0.938276
1.13139
1.15677
1.12418
1.14391
0.912723
1.14802
1.13464
0.921126
1.14048
1.14802
1.1602
0.925414
1.1602
1.1602
1.13464
1.1602
1.15265
0.903977
0.940849
1.14065
1.094
0.925757
1.14802
1.13482
0.941878
1.13173
1.13121
0.938963
1.09383
1.13173
0.944794
0.937934
1.13516
1.14356
1.15248
1.13636
1.1096
1.13499
1.14922
1.09348
1.13927
1.18026
1.12727
1.10275
1.13482
1.16397
1.12864
0.937419
1.12744
1.13482
1.09846
1.10326
1.15231
0.929016
1.14356
1.106
1.0952
0.938448
1.1391
0.930044
1.08525
1.12298
