0.631977
0.647756
0.635579
0.635922
0.631292
0.635064
0.644497
0.635064
0.643468
0.635236
0.614656
0.647756
0.64364
0.627861
0.62426
0.634893
0.632492
0.644497
0.632149
0.647927
0.631634
0.631977
0.64364
0.634893
0.647927
0.62426
0.64364
0.632149
0.635064
0.634893
0.643468
0.635064
0.628033
0.624089
0.627518
0.634722
0.648785
0.635064
0.63918
0.632149
0.634893
0.639695
0.631634
0.628033
0.615514
0.634893
0.627347
0.632321
0.643468
0.63918
0.623231
0.634722
0.64364
0.634722
0.635064
0.640209
0.63918
0.63918
0.63918
0.634722
0.647756
0.647927
0.632149
0.615685
0.635064
0.639009
0.640209
0.63918
0.643296
0.63918
0.643468
0.63918
0.627518
0.634722
0.635922
0.647584
0.631977
0.62306
0.639524
0.61963
0.63918
0.627861
0.611398
0.63918
0.635064
0.635922
0.62306
0.632492
0.638838
0.631977
0.634893
0.643296
0.627861
0.611569
0.634722
0.627347
0.64827
0.634722
0.631977
0.643468
