0.518616
0.5145
0.5145
0.5145
0.5145
0.514328
0.5145
0.510212
0.510212
0.506096
0.5133
0.510212
0.5145
0.5145
0.5145
0.501638
0.5145
0.510212
0.510041
0.514328
0.5145
0.524961
0.510212
0.510212
0.510384
0.5145
0.510212
0.510212
0.5145
0.5133
0.514328
0.5145
0.510212
0.497521
0.514328
0.510212
0.5145
0.5145
0.510041
0.518616
0.513471
0.5145
0.501638
0.514328
0.505925
0.514328
0.510212
0.514328
0.522046
0.510212
0.5145
0.5145
0.497521
0.518616
0.514328
0.514328
0.5145
0.5145
0.501638
0.509184
0.5145
0.5145
0.510212
0.505925
0.514328
0.5145
0.510384
0.510212
0.5145
0.510212
0.5145
0.510212
0.510212
0.5145
0.5145
0.514328
0.501638
0.5145
0.509184
0.501638
0.510212
0.49735
0.514328
0.510212
0.5145
0.5145
0.510212
0.514328
0.5145
0.510212
0.514328
0.5145
0.5145
0.497521
0.501638
0.497521
0.501638
0.513471
0.5145
0.518616
