0.05145
0.05145
0.05145
0.050421
0.05145
0.05145
0.050421
0.05145
0.05145
0.050421
0.0543655
0.050421
0.05145
0.05145
0.050421
0.05145
0.054194
0.053165
0.054194
0.05145
0.05145
0.05145
0.050421
0.05145
0.05145
0.050421
0.05145
0.05145
0.050421
0.05145
0.05145
0.05145
0.05145
0.050421
0.05145
0.05145
0.050421
0.05145
0.05145
0.050421
0.05145
0.050421
0.05145
0.05145
0.050421
0.05145
0.05145
0.050421
0.05145
0.05145
0.05145
0.05145
0.050421
0.05145
0.05145
0.050421
0.05145
0.05145
0.050421
0.05145
0.050764
0.0543655
0.05145
0.050421
0.05145
0.05145
0.050421
0.05145
0.05145
0.05145
0.05145
0.050421
0.05145
0.05145
0.050421
0.05145
0.05145
0.050421
0.05145
0.05145
0.05145
0.05145
0.050421
0.05145
0.05145
0.050421
0.05145
0.05145
0.050421
0.05145
0.050421
0.05145
0.05145
0.050421
0.05145
0.05145
0.050421
0.05145
0.05145
0.05145
