0.750655
1.41522
1.41162
1.42739
1.42774
0.94548
0.755286
1.4147
1.4159
1.43597
1.43185
0.944965
0.764718
1.42036
1.41848
1.42739
1.17529
1.19038
1.41162
1.41882
0.94891
0.745339
1.4334
1.41093
1.42311
1.41865
1.41505
1.40304
1.41659
1.41882
1.42431
1.42328
1.42465
1.42328
1.1933
1.41024
1.42362
1.42259
1.41951
1.42311
1.42465
1.42328
1.42911
1.41916
1.42431
1.42928
1.41916
1.42877
1.43185
1.42396
1.42739
1.42414
1.42396
1.41831
1.42379
1.42345
1.42019
1.42328
1.165
1.41916
1.42311
1.42825
1.42396
1.42705
0.954912
0.852526
1.03294
1.3257
1.41522
0.94325
0.879623
1.29877
1.41213
1.41402
1.41573
1.17683
1.41933
1.42894
1.42739
1.2998
1.42465
1.42294
1.2998
1.42482
1.42345
1.30872
1.42825
1.42379
1.31678
1.43271
1.4334
1.29088
1.42414
1.29568
1.27476
1.29517
1.42396
1.41951
1.42465
1.31249
