0.386904
0.392049
0.391192
0.387933
0.39222
0.391192
0.392049
0.387933
0.391192
0.39222
0.387933
0.39102
0.39222
0.387076
0.388104
0.39222
0.391192
0.384846
0.387933
0.391192
0.39222
0.39222
0.387933
0.387933
0.391192
0.387933
0.387933
0.387076
0.388104
0.39222
0.391192
0.392392
0.391192
0.39222
0.388104
0.387076
0.387933
0.385189
0.386904
0.388104
0.388104
0.387933
0.388104
0.387076
0.39222
0.385361
0.387076
0.388276
0.385189
0.386904
0.388104
0.387419
0.39222
0.388104
0.39222
0.392392
0.391192
0.39222
0.392392
0.391363
0.387933
0.391192
0.385189
0.392392
0.384331
0.388276
0.385189
0.387076
0.392392
0.385361
0.391192
0.385361
0.391192
0.385361
0.387933
0.387076
0.388276
0.385361
0.391192
0.392392
0.392392
0.392392
0.388104
0.387076
0.387933
0.388104
0.384331
0.388104
0.388104
0.391192
0.385361
0.384331
0.388104
0.388104
0.387076
0.384846
0.385189
0.384331
0.392392
0.387933
