0.25159
0.25159
0.252791
0.25159
0.25159
0.25262
0.251762
0.25262
0.252791
0.251762
0.252791
0.25159
0.25159
0.252791
0.251762
0.252791
0.252791
0.25159
0.25262
0.25159
0.25159
0.252791
0.251762
0.25159
0.25262
0.25159
0.252791
0.24816
0.25159
0.25262
0.251762
0.25159
0.25262
0.25159
0.252791
0.25262
0.251762
0.252791
0.252791
0.251762
0.25262
0.25159
0.25159
0.24816
0.251762
0.252791
0.252791
0.251762
0.252791
0.25159
0.251762
0.252791
0.251762
0.251762
0.252791
0.25159
0.252791
0.25262
0.25159
0.252791
0.25159
0.25159
0.252791
0.247303
0.252791
0.252791
0.25159
0.252791
0.251762
0.251762
0.252791
0.251762
0.25159
0.252791
0.25159
0.252791
0.252791
0.251762
0.252791
0.25159
0.25159
0.252791
0.251762
0.251933
0.25262
0.252448
0.25262
0.250219
0.252791
0.25159
0.25159
0.252791
0.251762
0.25262
0.25262
0.25159
0.25262
0.252105
0.25159
0.25262
