0.584301
0.59682
0.584987
0.588588
0.585158
0.588588
0.588759
0.584987
0.59682
0.581042
0.593904
0.59682
0.589445
0.589617
0.584129
0.59802
0.584129
0.584129
0.594076
0.588245
0.580871
0.60248
0.583957
0.585158
0.596991
0.583786
0.593733
0.592875
0.592533
0.589445
0.593047
0.585329
0.589617
0.588588
0.589445
0.588588
0.59682
0.597849
0.596649
0.584472
0.585329
0.588417
0.593733
0.589617
0.597506
0.584987
0.59682
0.59682
0.589617
0.583957
0.59682
0.589274
0.584301
0.584987
0.584129
0.588588
0.584987
0.588588
0.583957
0.606938
0.583957
0.584987
0.593904
0.596991
0.589617
0.584301
0.583957
0.589617
0.597335
0.584987
0.60248
0.592533
0.597849
0.597849
0.584301
0.594076
0.592533
0.588588
0.594076
0.59682
0.59682
0.585501
0.583957
0.585158
0.596991
0.596649
0.584987
0.592533
0.583957
0.589617
0.584301
0.593561
0.589617
0.584301
0.594076
0.59682
0.583957
0.585158
0.59682
0.592704
