0.666278
0.666106
0.678968
0.66199
0.670394
0.708295
0.687715
0.674681
0.666278
0.674852
0.683428
0.678968
0.682055
0.670736
0.66199
0.675024
0.666278
0.670394
0.670394
0.678968
0.682227
0.666278
0.683256
0.689773
0.674852
0.67914
0.683256
0.67914
0.670394
0.683256
0.69063
0.670736
0.683428
0.666449
0.683256
0.687886
0.67914
0.66199
0.67914
0.666278
0.674852
0.683428
0.666278
0.67914
0.666278
0.683256
0.674852
0.678968
0.662161
0.683256
0.666278
0.666278
0.666278
0.687544
0.690974
0.671251
0.683256
0.662161
0.660447
0.683256
0.674681
0.66199
0.683256
0.683256
0.666278
0.662161
0.670394
0.674681
0.670736
0.666278
0.666278
0.670394
0.683256
0.683256
0.674852
0.67914
0.678797
0.67914
0.674852
0.670394
0.677939
0.666278
0.666106
0.666278
0.703664
0.66662
0.678968
0.674852
0.678968
0.683256
0.674852
0.67914
0.666278
0.678968
0.683256
0.683256
0.675024
0.683256
0.678968
0.670565
