0.29618
0.29498
0.295152
0.29618
0.295152
0.295152
0.299439
0.295152
0.296352
0.295323
0.295152
0.29618
0.295152
0.295152
0.295152
0.295323
0.295323
0.295323
0.295152
0.29618
0.295323
0.295152
0.300468
0.295152
0.295152
0.295152
0.295323
0.29618
0.295152
0.295152
0.29618
0.295152
0.295152
0.296352
0.29498
0.295152
0.295152
0.295323
0.29618
0.295323
0.295323
0.29618
0.295152
0.295152
0.295152
0.295152
0.296352
0.295152
0.299439
0.296352
0.295323
0.295152
0.29618
0.295152
0.295323
0.295152
0.295152
0.29618
0.295323
0.295152
0.296352
0.29961
0.295152
0.295152
0.295323
0.295323
0.295152
0.295152
0.29618
0.295323
0.295152
0.296352
0.295152
0.295152
0.295323
0.295152
0.296352
0.295152
0.295152
0.29618
0.295152
0.295152
0.296352
0.295323
0.295323
0.295323
0.295152
0.300811
0.295152
0.299268
0.29618
0.29498
0.295152
0.295152
0.295152
0.295323
0.295152
0.295323
0.29618
0.295152
