0.439211
0.434924
0.436296
0.434752
0.435782
0.434924
0.430636
0.435953
0.434924
0.434752
0.435782
0.439211
0.434752
0.436296
0.434752
0.435953
0.434752
0.430808
0.435782
0.434924
0.434924
0.435782
0.430808
0.435439
0.435782
0.434924
0.435782
0.434752
0.430808
0.435782
0.434924
0.434752
0.435953
0.435267
0.440241
0.435267
0.439383
0.436125
0.430979
0.434752
0.436296
0.434752
0.431837
0.435782
0.430808
0.435953
0.434752
0.434924
0.435953
0.434924
0.434924
0.436296
0.439383
0.435953
0.436296
0.434752
0.435953
0.434752
0.434924
0.431837
0.434752
0.434924
0.431837
0.430979
0.435953
0.430808
0.430808
0.435953
0.430808
0.434924
0.431837
0.434924
0.434924
0.431837
0.430808
0.436125
0.434752
0.430808
0.435953
0.434752
0.439898
0.439555
0.434067
0.431837
0.434924
0.435953
0.434924
0.430808
0.436125
0.430808
0.430808
0.440412
0.430808
0.431837
0.430808
0.439211
0.431837
0.430808
0.434924
0.436467
