1.36257
1.34079
1.34525
1.32741
1.3449
1.36222
1.34096
1.33684
1.34525
1.33187
1.33667
1.3329
1.33684
1.33204
1.33736
1.35451
1.34953
1.34079
1.35382
1.3365
1.33633
1.33616
1.33667
1.35039
0.982695
0.81634
1.32792
1.3401
1.3329
0.995557
0.779296
1.34593
1.33204
1.33256
1.3377
1.32449
1.33839
1.0314
0.786671
0.740022
1.36651
1.34919
0.978579
0.744138
1.35056
1.34936
1.33701
1.35759
1.33307
1.34062
1.3624
1.34113
1.33598
1.33598
1.33701
1.34044
1.33993
1.33204
1.3413
1.33221
1.3281
1.33616
1.33238
1.3461
1.35022
1.34062
1.34936
1.33238
1.33187
1.33616
1.01871
1.13327
1.32792
1.3437
1.34885
1.3353
1.32895
1.33701
1.0266
0.803135
0.746882
1.35005
1.34096
1.35296
1.34422
1.3329
1.34147
1.36274
1.39121
1.32775
1.36274
0.999331
0.797303
0.71121
1.36548
1.34833
1.34988
1.3329
1.34302
1.3413
