1.42053
0.87585
0.779296
0.864874
0.867962
0.877394
0.853212
0.891971
0.89746
1.41968
0.855956
0.777238
0.897631
0.900718
0.910493
0.883397
0.860587
0.849096
0.880652
0.916839
1.42482
0.891971
0.786327
0.893515
0.896088
0.906034
0.876365
0.928844
0.88494
0.891971
0.905863
0.893172
0.905177
0.913066
0.916496
0.915981
1.42448
0.876194
0.777066
1.41985
0.903805
0.759402
0.930044
1.41831
1.42379
1.42174
1.43974
0.86899
0.663362
1.42791
1.41899
0.892314
0.917525
0.897288
0.913066
1.42345
1.43254
0.879281
0.896259
0.91015
0.86779
0.892658
1.42465
0.872764
0.763861
0.891971
0.93296
0.917354
0.872249
0.92953
0.88151
0.896259
0.892829
0.893
0.909293
0.901404
1.41933
0.887169
0.768663
0.867619
0.924385
1.42482
0.9249
0.767977
0.888713
0.877394
0.901404
0.920784
0.9249
1.41985
0.874993
0.770721
0.906034
0.928672
0.88151
0.883568
0.940506
0.877394
0.920612
1.41419
