0.867619
0.874821
0.854756
0.859043
0.870705
0.858872
0.876022
0.871734
0.880138
0.862302
0.855613
0.871734
0.862131
0.871734
0.855785
0.859043
0.876022
0.863331
0.863331
0.871734
0.854585
0.871734
0.858872
0.859043
0.871906
0.859215
0.859043
0.859043
0.874821
0.87585
0.871734
0.857843
0.859215
0.876022
0.867619
0.87585
0.871734
0.87585
0.871734
0.866418
0.855613
0.876022
0.874993
0.863159
0.859215
0.859043
0.858872
0.870705
0.862988
0.87585
0.866418
0.871734
0.876022
0.859043
0.855613
0.871734
0.876022
0.871734
0.858015
0.87585
0.863159
0.858186
0.863159
0.855271
0.871734
0.876022
0.871734
0.876022
0.863159
0.874821
0.876022
0.863331
0.874821
0.876022
0.876022
0.859043
0.863331
0.874993
0.863159
0.876022
0.862131
0.863159
0.876022
0.863159
0.867619
0.858872
0.863159
0.876022
0.858015
0.863331
0.855613
0.859043
0.863331
0.859043
0.859043
0.859043
0.854413
0.867447
0.859043
0.866761
