0.160867
0.159323
0.159323
0.159838
0.159838
0.155207
0.159838
0.159838
0.159666
0.159838
0.159323
0.159838
0.159666
0.159838
0.159838
0.159838
0.159666
0.159838
0.159838
0.160867
0.159666
0.159838
0.159838
0.159838
0.163782
0.155207
0.159666
0.159838
0.159838
0.163954
0.159838
0.159838
0.159666
0.159838
0.159838
0.159838
0.159838
0.159323
0.159323
0.159838
0.159838
0.163954
0.159838
0.159838
0.163954
0.159838
0.159838
0.159666
0.159838
0.164983
0.159838
0.159323
0.159838
0.159323
0.159838
0.159838
0.159838
0.159838
0.159838
0.159838
0.159838
0.159838
0.159838
0.159838
0.159838
0.159666
0.159838
0.159838
0.160867
0.159838
0.159838
0.159838
0.159666
0.159666
0.159838
0.159838
0.159838
0.159838
0.159838
0.160524
0.159838
0.159838
0.159666
0.163954
0.159838
0.159838
0.159838
0.159323
0.159838
0.159838
0.159666
0.159838
0.159838
0.159838
0.159838
0.159838
0.155207
0.159838
0.160867
0.163954
