1.43271
1.44266
1.437
1.43237
1.43323
1.43202
1.437
1.43408
1.42757
1.44643
1.43237
1.43254
1.44231
1.43271
1.43666
1.43768
1.4322
1.43408
1.43202
1.43202
1.43305
1.42774
1.43357
1.42791
1.42842
1.43374
1.42859
1.43768
1.4322
1.44146
1.43786
1.42859
1.42877
1.43854
1.437
1.43803
1.43271
1.437
1.43323
1.43683
1.43408
1.44266
1.43683
1.44231
1.43323
1.43751
1.43374
1.42791
1.43305
1.4382
1.42859
1.43374
1.42791
1.43288
1.43323
1.44557
1.43323
1.42877
1.4322
1.43391
1.43666
1.43666
1.43786
1.42859
1.43323
1.4322
1.43237
1.43854
1.4322
1.44266
1.43323
1.4322
1.4466
1.43323
1.43305
1.4334
1.43254
1.42928
1.4322
1.43683
1.43323
1.437
1.4322
1.44214
1.43683
1.43323
1.43254
1.43288
1.43408
1.43648
1.43683
1.443
1.43683
1.44111
1.43408
1.43751
1.4334
1.44111
1.43305
1.44214
