1.00328
0.999159
0.994357
0.998987
1.02077
1.00362
0.998816
0.999159
0.998987
0.994528
0.999159
0.998816
1.01202
1.02797
0.928158
0.998816
1.01648
1.01648
1.00379
1.00345
0.994871
1.00379
0.998816
1.00328
1.01236
0.995043
0.994528
1.00791
0.998987
1.00379
0.999331
1.00345
1.00773
1.00328
1.00362
1.00345
0.998987
0.994357
0.998816
0.991441
1.00773
1.01219
0.999331
1.01991
0.914781
1.00345
1.00328
1.01219
1.00808
1.00808
0.994357
0.998987
1.02368
1.02077
1.01202
1.00773
1.00791
1.00773
0.994528
0.994357
1.00362
0.998987
0.999331
1.00808
1.00379
0.998987
1.00362
1.01219
1.00808
1.0031
1.00328
0.998987
1.02094
1.0031
0.999159
1.01648
0.998473
1.00328
0.998987
1.00791
1.01236
1.00773
1.00379
0.998987
1.00773
1.00791
0.994528
1.00791
0.999159
0.999159
1.01219
1.00362
1.00791
0.9947
0.9947
1.01236
1.01648
1.00362
1.01236
1.00791
