1.24646
1.24183
1.25452
1.24286
1.24509
1.24938
1.23943
1.2583
1.2468
1.24629
1.24149
1.24286
1.24183
1.24183
1.2468
1.25812
1.27013
1.24166
1.242
1.24303
1.24578
1.26224
1.25984
1.24097
1.24955
1.24629
1.24183
1.24629
1.24612
1.24492
1.25023
1.23772
1.23772
1.24252
1.2456
1.23892
1.26344
1.24938
1.25487
1.24629
1.23806
1.26378
1.25349
1.23874
1.24269
1.24955
1.24269
1.25041
1.25795
1.27047
1.23703
0.918897
1.24286
1.24921
1.24526
1.24269
1.25418
1.24629
1.26773
1.2456
1.25041
1.24989
1.24149
1.24269
1.24921
1.24183
0.919069
1.27356
1.2468
1.27047
1.24097
0.925242
0.92953
1.25761
1.24646
1.24149
1.25881
1.24252
1.2456
1.25109
1.26944
1.25795
0.90209
1.2336
1.25366
0.924042
1.25881
1.26979
1.23326
0.918383
1.26344
1.24921
1.26361
1.25212
1.24869
1.24217
1.24063
1.25109
1.24252
1.25795
