0.0999845
0.0989555
0.0999845
0.0989555
0.0989555
0.0999845
0.0989555
0.0989555
0.0999845
0.0989555
0.0999845
0.0999845
0.0989555
0.0999845
0.0989555
0.0989555
0.0999845
0.0989555
0.0989555
0.0999845
0.0989555
0.0999845
0.0989555
0.0989555
0.0999845
0.0989555
0.0989555
0.0999845
0.0989555
0.0989555
0.0999845
0.0989555
0.0999845
0.0989555
0.0989555
0.0999845
0.0989555
0.0989555
0.0999845
0.0989555
0.0999845
0.0999845
0.0989555
0.0999845
0.0989555
0.0989555
0.0999845
0.0989555
0.0989555
0.0999845
0.0989555
0.0999845
0.0989555
0.0989555
0.0999845
0.0989555
0.0989555
0.0999845
0.0989555
0.0999845
0.0999845
0.0989555
0.0999845
0.0989555
0.0989555
0.0999845
0.0989555
0.0989555
0.0999845
0.0989555
0.0999845
0.0989555
0.0989555
0.0999845
0.0989555
0.0989555
0.0999845
0.0989555
0.0989555
0.0999845
0.0989555
0.0999845
0.0989555
0.0989555
0.0999845
0.0989555
0.0989555
0.0999845
0.0989555
0.100156
0.0999845
0.0989555
0.100156
0.0989555
0.103586
0.0999845
0.0989555
0.0989555
0.0999845
0.0989555
