1.05867
1.04632
1.05867
1.04512
0.937762
1.05404
1.04564
0.951997
0.938791
1.04529
0.925757
1.05301
1.04684
1.04992
1.05318
1.04958
1.04203
1.04546
1.04684
0.938963
1.05352
1.0585
1.04564
0.909293
1.04958
1.04101
1.03414
0.947195
1.04546
0.93416
1.04958
1.05421
1.05387
1.05318
1.04958
1.04975
1.04581
1.06296
1.04941
1.05301
1.04975
1.04101
1.04666
1.05884
1.04872
1.04666
0.911351
1.05747
1.04615
1.04666
1.06227
1.04203
1.0573
1.0585
1.05833
1.04855
1.05884
0.931759
0.908607
1.04666
1.04649
1.04632
1.04632
1.04512
0.925071
1.04975
1.05747
1.04649
1.04186
1.04649
1.04666
1.04564
1.04666
1.04666
0.937248
1.04666
1.04684
1.0705
0.917525
1.04958
1.04221
1.04632
1.04855
1.04666
1.05421
1.04546
1.04632
1.04632
1.04855
1.05404
1.04598
1.04666
1.04975
1.04598
1.06724
1.04649
1.03655
1.04992
1.05901
1.05798
