0.953368
0.953026
0.962973
0.957999
0.937934
0.954226
0.961772
0.953368
0.957828
0.944965
0.946166
0.949252
0.948738
0.966574
0.969318
0.95354
0.961944
0.94891
0.954569
0.957828
0.957656
0.954569
0.961772
0.962115
0.945822
0.973434
0.953368
0.962115
0.957828
0.945994
0.953197
0.964859
0.974292
0.965374
0.944622
0.974463
0.957828
0.945822
0.961944
0.957484
0.945822
0.969318
0.973434
0.954397
0.961772
0.953368
0.94891
0.94445
0.961944
0.961944
0.964688
0.954397
0.94891
0.940334
0.966917
0.953197
0.949081
0.97755
0.957656
0.965716
0.944794
0.961772
0.974634
0.95354
0.961944
0.958513
0.977722
0.962286
0.944794
0.953368
0.954397
0.961944
0.949081
0.945651
0.95354
0.962115
0.94891
0.97755
0.969146
0.957656
0.952682
0.982009
0.953368
0.957828
0.954569
0.944794
0.953368
0.969146
0.957656
0.949938
0.944622
0.982009
0.954397
0.953368
0.953368
0.953368
0.957656
0.954054
0.94891
0.94891
