1.12144
1.11767
1.11218
1.11338
1.11201
1.1211
1.11818
1.11235
1.1259
1.11269
1.11749
1.11749
1.11715
1.1211
1.13156
1.11235
1.1211
1.11784
1.12624
1.11235
1.1211
1.11767
1.12195
1.12127
1.12573
1.12658
1.12178
1.11269
1.1223
1.10806
1.11784
1.11252
1.11218
1.11355
1.12573
1.12555
1.11784
1.11252
1.12127
1.11235
1.12178
1.12624
1.12127
1.11183
1.1271
1.1211
1.11664
1.11784
1.11235
1.1211
1.12624
1.11269
1.1223
1.1084
1.11595
1.13104
1.11664
1.11646
1.11355
1.12127
1.1096
1.12161
1.12161
1.11801
1.11698
1.12092
1.11784
1.11767
1.12624
1.11303
1.11732
1.11372
1.11218
1.12075
1.12264
1.11286
1.12127
1.12264
1.12178
1.12555
1.11681
1.11681
1.13139
1.12127
1.12127
1.12693
1.11732
1.12161
1.1259
1.11252
1.12538
1.10806
1.12984
1.12264
1.1084
1.11252
1.11835
1.11681
1.11321
1.11698
