1.17718
1.16791
1.17323
1.16843
1.16929
1.1686
1.17323
1.17735
1.17323
1.17735
1.16843
1.16894
1.16809
1.17289
1.17289
1.16877
1.16877
1.17718
1.17289
1.1686
1.17306
1.16809
1.1686
1.1734
1.16843
1.16894
1.1734
1.16826
1.16877
1.17718
1.1686
1.17203
1.17752
1.17718
1.17375
1.16826
1.16826
1.1686
1.17306
1.16826
1.16843
1.17769
1.16843
1.1686
1.17289
1.17375
1.17803
1.17323
1.17735
1.16912
1.16843
1.17289
1.17375
1.1734
1.17769
1.17289
1.17735
1.17375
1.17375
1.16843
1.16826
1.16826
1.16946
1.17323
1.16894
1.16877
1.17272
1.1734
1.17289
1.17323
1.17821
1.17375
1.16843
1.17306
1.16843
1.17769
1.16912
1.17289
1.17735
1.17306
1.17632
1.16843
1.17306
1.17718
1.17803
1.18164
1.17323
1.17718
1.17289
1.16826
1.17289
1.16843
1.17735
1.17803
1.1686
1.17375
1.17323
1.17375
1.16843
1.16826
