1.21491
1.21971
1.21988
1.21868
1.21971
1.21439
1.21508
1.21508
1.21405
1.09177
1.21525
1.21456
1.21576
1.21593
1.23137
1.21971
1.2228
1.22417
1.21937
1.21079
1.21525
1.22039
1.21096
1.21525
1.21439
1.21182
1.224
1.21405
1.21576
1.21508
1.21405
1.21902
1.20547
1.21834
1.21508
1.21473
1.21491
1.21491
1.21491
1.21576
1.21851
1.21508
1.22382
1.21508
1.21216
1.21388
1.21182
1.21542
1.21388
1.22434
1.21576
1.21096
1.21542
1.224
1.21525
1.224
1.21885
1.21954
1.21491
1.21405
1.21559
1.21559
1.21937
1.21576
1.21439
1.21285
1.22039
1.21062
1.22382
1.21268
1.21456
1.21233
1.21525
1.21165
1.21525
1.21079
1.21473
1.2125
1.21148
1.10823
1.21233
1.21439
1.21268
1.22297
1.21233
1.22382
1.21422
1.21216
1.21165
1.21113
1.21165
1.21971
1.21576
1.22039
1.21491
1.21576
1.21576
1.21851
1.21456
1.21491
