0.805364
0.797818
0.800905
0.797989
0.80605
0.797818
0.80039
0.801419
0.80039
0.808966
0.797647
0.80039
0.80039
0.80039
0.80039
0.798675
0.80039
0.802449
0.80485
0.797647
0.711039
0.80039
0.80485
0.797818
0.797647
0.805707
0.808966
0.813082
0.797475
0.797818
0.80039
0.80485
0.808966
0.798847
0.797818
0.797818
0.806393
0.80485
0.805192
0.808966
0.800734
0.805192
0.80039
0.80039
0.801419
0.797818
0.797818
0.801591
0.813082
0.805364
0.797818
0.808966
0.80485
0.800905
0.797647
0.801591
0.80039
0.797647
0.800219
0.797647
0.797647
0.800905
0.80485
0.801419
0.80039
0.80039
0.801419
0.797647
0.797818
0.808966
0.800734
0.808966
0.80039
0.800734
0.805879
0.797818
0.800734
0.80039
0.808966
0.797818
0.797818
0.80039
0.801763
0.797818
0.797818
0.801763
0.800734
0.805192
0.80039
0.797647
0.800734
0.800219
0.801248
0.798675
0.800734
0.800219
0.806221
0.805192
0.80039
0.797818
