1.25658
1.26704
1.26121
1.26104
1.26207
1.27802
1.26533
1.26173
1.2667
1.26584
1.26224
1.25709
1.26155
1.26155
1.2607
1.26533
1.27064
1.25812
1.26944
1.26653
1.26584
1.26533
1.26395
1.2619
1.26807
1.26378
1.26739
1.26756
1.26773
1.26241
1.26361
1.26293
1.26653
1.26258
1.26207
1.26224
1.27236
1.2619
1.2619
1.26739
1.2619
1.2631
1.26344
1.26207
1.2679
1.27133
1.26275
1.2631
1.26241
1.26739
1.2631
1.26258
1.26173
1.26756
1.26275
1.26687
1.26841
1.26207
1.26739
1.2631
1.26739
1.2727
1.27202
1.26224
1.26756
1.26687
1.26241
1.26739
1.26721
1.26636
1.26258
1.26687
1.26241
1.27219
1.26207
1.26636
1.26361
1.27099
1.2667
1.26361
1.26293
1.27133
1.26773
1.26293
1.26687
1.26859
1.26721
1.26824
1.26344
1.26258
1.26361
1.26207
1.26241
1.26756
1.26704
1.26636
1.26824
1.26207
1.26687
1.26413
