0.101528
0.100499
0.100499
0.101528
0.100327
0.100327
0.101528
0.100499
0.101528
0.100499
0.100499
0.101528
0.100499
0.100499
0.101528
0.100327
0.100499
0.101528
0.100499
0.101528
0.100499
0.100327
0.101356
0.100499
0.100499
0.101528
0.100499
0.101356
0.100671
0.100327
0.101528
0.100499
0.100499
0.101528
0.100499
0.100499
0.101528
0.100499
0.101528
0.100499
0.100499
0.101528
0.100499
0.100499
0.101528
0.100499
0.101356
0.101356
0.100499
0.101528
0.100499
0.100327
0.101356
0.100499
0.100499
0.101528
0.100499
0.101528
0.100499
0.100499
0.101528
0.100499
0.100499
0.101528
0.100499
0.100499
0.101528
0.100499
0.101528
0.100499
0.100499
0.101528
0.100327
0.100499
0.101528
0.100499
0.101528
0.101528
0.100499
0.101528
0.100499
0.100499
0.101528
0.100499
0.100499
0.101528
0.100499
0.101528
0.100499
0.100499
0.101528
0.100499
0.100499
0.101528
0.100499
0.101528
0.101528
0.100499
0.101528
0.100499
