1.31592
1.31249
1.32895
1.31163
1.31643
1.31163
1.31112
1.31781
1.31283
1.31163
1.31678
1.31163
1.32021
1.31626
1.31198
1.31249
1.31609
1.31163
1.31112
1.31232
1.31575
1.32089
1.31335
1.31198
1.31678
1.31232
1.30752
1.31215
1.307
1.32106
1.30752
1.31609
1.32021
1.31592
1.32038
1.31609
1.31746
1.31232
1.31609
1.31232
1.31146
1.31198
1.31609
1.31215
1.31198
1.31232
1.31129
1.31592
1.31129
1.31781
1.30889
1.307
1.31266
1.30786
1.30786
1.31609
1.30734
1.31592
1.32038
1.31592
1.30889
1.29946
1.313
1.31215
1.30443
1.31352
1.30889
1.31026
1.32089
1.31352
1.32175
1.31746
1.3118
1.31592
1.31146
1.31609
1.31146
1.3118
1.31163
1.31626
1.31163
1.31215
1.31609
1.31232
1.31283
1.32106
1.31146
1.3118
1.31163
1.32072
1.31232
1.31249
1.307
1.32055
1.31129
1.31592
1.31609
1.3118
1.32141
1.31352
