0.143202
0.14749
0.143202
0.143374
0.144403
0.143374
0.143374
0.144403
0.143202
0.143202
0.143202
0.143374
0.143202
0.143374
0.143202
0.144403
0.143374
0.143202
0.14749
0.14749
0.143374
0.143374
0.143374
0.144403
0.143374
0.14749
0.148519
0.143374
0.143374
0.143374
0.143202
0.143374
0.143374
0.14749
0.144231
0.143374
0.143374
0.143202
0.143374
0.143374
0.143374
0.14749
0.14749
0.143374
0.14749
0.144403
0.143202
0.143374
0.143374
0.143374
0.14749
0.143374
0.143374
0.148347
0.14749
0.143374
0.144403
0.14749
0.143202
0.14749
0.143374
0.14749
0.143374
0.14749
0.144403
0.14749
0.143374
0.14749
0.143374
0.143374
0.14749
0.143374
0.144403
0.143374
0.14749
0.148519
0.14749
0.14749
0.14749
0.143374
0.14749
0.14749
0.143374
0.144403
0.143374
0.143374
0.143717
0.143374
0.143202
0.143374
0.143374
0.143202
0.143202
0.143202
0.144403
0.143374
0.143374
0.14749
0.143202
0.143374
