0.985439
0.986468
0.985439
0.981494
0.976521
0.981152
0.98561
0.976521
0.98561
0.98561
0.976864
0.996758
0.977722
0.981152
0.990412
0.976692
0.981152
0.98561
0.996758
0.976864
0.990241
0.98098
0.985439
0.981152
0.976864
0.986125
0.990412
0.99007
0.990241
0.990412
0.981152
0.98218
0.980465
0.973777
0.979437
0.944279
0.981323
0.980808
0.989898
0.985439
0.985268
0.978236
0.985439
0.990241
0.981152
0.981152
0.990412
0.976521
0.996758
0.982352
0.989555
0.976864
0.981152
0.976864
0.990241
0.976864
0.993328
0.985439
0.990241
0.981152
0.982009
0.981494
0.976864
0.985782
0.990241
0.976349
0.981152
0.98098
0.98561
0.976864
0.976692
0.98218
0.972233
0.98561
0.985439
0.989726
0.976864
0.976521
0.981323
0.990241
0.981323
0.981152
0.981152
0.98098
0.981152
0.985954
0.990241
0.977036
0.98561
0.981152
0.990927
0.981152
0.990241
0.986125
0.985439
0.985268
0.9935
0.989555
0.985439
0.985439
