0.519645
0.519473
0.518788
0.519473
0.519645
0.515872
0.519645
0.519988
0.516043
0.515872
0.519473
0.519645
0.515872
0.514843
0.520159
0.519645
0.519645
0.515872
0.519988
0.515701
0.515872
0.519645
0.515872
0.515872
0.515872
0.515872
0.515872
0.515872
0.519988
0.519645
0.515872
0.515872
0.514672
0.515872
0.519645
0.519988
0.515872
0.519473
0.519645
0.519645
0.519817
0.515872
0.519645
0.518616
0.519645
0.519988
0.519645
0.519645
0.519817
0.519817
0.519645
0.518616
0.519645
0.520159
0.518959
0.519645
0.515529
0.515872
0.519473
0.519645
0.519645
0.519473
0.518616
0.515529
0.519645
0.519645
0.515872
0.519988
0.515701
0.519473
0.519645
0.519645
0.519473
0.518616
0.519988
0.519473
0.515872
0.519988
0.519645
0.519817
0.515872
0.518444
0.515701
0.519473
0.519645
0.519645
0.519988
0.519645
0.519473
0.515872
0.519473
0.519988
0.514843
0.519473
0.515872
0.519645
0.519645
0.519473
0.519645
0.519473
