0.330309
0.330309
0.334425
0.334425
0.334253
0.33048
0.334768
0.33048
0.334768
0.334768
0.334768
0.334425
0.334768
0.334253
0.334768
0.334768
0.33494
0.330309
0.334425
0.33048
0.334768
0.334768
0.330309
0.334425
0.33494
0.334425
0.334425
0.334425
0.334253
0.330309
0.334425
0.334425
0.330309
0.334253
0.334425
0.33048
0.334425
0.330309
0.330309
0.330309
0.33048
0.330309
0.334768
0.334253
0.334768
0.33494
0.334425
0.334425
0.330309
0.334425
0.330309
0.334425
0.334425
0.330309
0.334425
0.334425
0.330309
0.330309
0.334425
0.330309
0.330309
0.334425
0.330309
0.334425
0.334768
0.334425
0.334425
0.330309
0.330309
0.334425
0.334425
0.330309
0.334425
0.334425
0.33494
0.334768
0.33494
0.334425
0.330309
0.330995
0.334425
0.330309
0.330309
0.33048
0.334425
0.334425
0.334253
0.334425
0.334425
0.33494
0.334425
0.334768
0.334425
0.33494
0.334425
0.334768
0.334768
0.334768
0.334425
0.334425
