0.283832
0.283832
0.283832
0.284862
0.283832
0.283832
0.284862
0.283661
0.283661
0.284862
0.283832
0.284862
0.284004
0.283661
0.28469
0.283832
0.283832
0.284862
0.283832
0.283832
0.283832
0.284004
0.28469
0.283832
0.283832
0.284862
0.283832
0.283832
0.28469
0.283832
0.283832
0.283832
0.283832
0.284862
0.283832
0.284004
0.284862
0.283832
0.284004
0.284862
0.283832
0.285033
0.283832
0.283832
0.285033
0.284004
0.283832
0.284862
0.283832
0.283832
0.283832
0.283832
0.285033
0.284004
0.284004
0.285033
0.283832
0.283832
0.284862
0.283832
0.284347
0.283832
0.283832
0.284862
0.284004
0.283832
0.284862
0.283832
0.283832
0.283832
0.283832
0.284862
0.284004
0.283832
0.284862
0.283832
0.283832
0.284862
0.284004
0.284004
0.283832
0.283832
0.284862
0.283832
0.283832
0.284862
0.283832
0.283832
0.285033
0.283832
0.284862
0.284004
0.284004
0.285033
0.283832
0.283832
0.285033
0.283832
0.283832
0.284004
