0.941706
0.941706
0.927129
0.934332
0.945994
0.935704
0.942221
0.938963
0.929873
0.95011
0.94325
0.946509
0.942392
0.938963
0.934332
0.95011
0.929358
0.933646
0.93416
0.930387
0.935361
0.934503
0.945994
0.938791
0.937762
0.935533
0.937934
0.937934
0.943421
0.941706
0.941706
0.942907
0.938105
0.945994
0.942735
0.945822
0.938791
0.941535
0.937934
0.935361
0.937762
0.937762
0.935361
0.937934
0.95011
0.94205
0.934332
0.942564
0.937934
0.934332
0.938963
0.937934
0.94205
0.930902
0.934503
0.935533
0.942392
0.941535
0.938963
0.934503
0.937419
0.942907
0.941878
0.938963
0.942221
0.937934
0.938619
0.934332
0.937934
0.935189
0.941706
0.937762
0.935533
0.929873
0.938963
0.94205
0.937762
0.938963
0.941878
0.941878
0.935704
0.937934
0.937934
0.939134
0.937762
0.946851
0.937934
0.941878
0.943079
0.942221
0.938105
0.942735
0.93759
0.938619
0.934332
0.942221
0.947023
0.945822
0.942392
0.938619
