0.471625
0.467337
0.472483
0.468195
0.467852
0.472483
0.468195
0.471625
0.468195
0.468367
0.471625
0.468367
0.468367
0.469395
0.468024
0.468367
0.471453
0.46768
0.471453
0.471282
0.471282
0.469224
0.468024
0.468024
0.472654
0.468024
0.471453
0.468195
0.471453
0.468195
0.471625
0.471453
0.47214
0.46768
0.468024
0.469224
0.47111
0.47111
0.47111
0.468024
0.47111
0.468195
0.468367
0.472483
0.468195
0.471453
0.471625
0.47111
0.471282
0.471282
0.466994
0.47214
0.471282
0.47111
0.469224
0.47111
0.47111
0.471282
0.471282
0.47111
0.47111
0.466994
0.47214
0.468024
0.471625
0.468195
0.471282
0.471282
0.47111
0.468024
0.468881
0.467852
0.471282
0.472311
0.47111
0.468195
0.47111
0.471282
0.471625
0.471625
0.47111
0.469224
0.471282
0.468367
0.47214
0.468367
0.471625
0.471625
0.471282
0.469052
0.47111
0.467852
0.47214
0.471625
0.467852
0.47111
0.46768
0.468024
0.470425
0.468709
