0.612427
0.612941
0.612255
0.608139
0.609168
0.611912
0.613113
0.611912
0.611912
0.613284
0.608139
0.612255
0.609168
0.612427
0.612427
0.608997
0.608311
0.613113
0.612083
0.608139
0.609168
0.612427
0.612427
0.609168
0.608139
0.612427
0.608139
0.607967
0.609168
0.607967
0.612427
0.613284
0.612427
0.612255
0.613284
0.612255
0.613455
0.612255
0.612427
0.613455
0.612427
0.612427
0.613455
0.612427
0.608139
0.608482
0.611912
0.612941
0.612083
0.612083
0.613627
0.611912
0.607967
0.609511
0.612427
0.611912
0.612427
0.611912
0.613113
0.611912
0.611912
0.613113
0.612427
0.607967
0.613455
0.612083
0.609168
0.612083
0.607967
0.613455
0.612083
0.612083
0.613455
0.611912
0.612255
0.612427
0.608139
0.613455
0.608139
0.612427
0.613455
0.612427
0.607967
0.613455
0.611912
0.613455
0.611912
0.607967
0.613113
0.611912
0.608311
0.609168
0.607967
0.608482
0.609339
0.608139
0.613455
0.607967
0.611912
0.608997
