0.755114
0.753399
0.749627
0.750827
0.753743
0.750998
0.754771
0.753743
0.750827
0.749798
0.749798
0.7546
0.749798
0.75803
0.763175
0.754085
0.750655
0.750827
0.753743
0.759574
0.753743
0.753743
0.754943
0.749627
0.7546
0.754771
0.749627
0.7546
0.758545
0.753743
0.7546
0.753914
0.761975
0.750655
0.753571
0.754771
0.763175
0.749798
0.755114
0.749798
0.753914
0.7546
0.749627
0.754429
0.750827
0.749627
0.7546
0.762146
0.749798
0.754943
0.749798
0.749627
0.750655
0.749798
0.762489
0.754429
0.75803
0.759402
0.749627
0.749627
0.754771
0.753914
0.761975
0.759574
0.757859
0.754771
0.750827
0.749627
0.750655
0.749627
0.753399
0.759059
0.753571
0.750827
0.750655
0.749627
0.759574
0.749455
0.749627
0.759574
0.749627
0.753571
0.763175
0.749627
0.754943
0.763175
0.749627
0.750827
0.753571
0.749627
0.750827
0.753571
0.753914
0.763003
0.749627
0.759059
0.754943
0.749627
0.7546
0.749627
