1.09177
1.08217
1.08217
1.07616
1.07513
1.07976
1.07599
1.07805
1.07599
1.07942
1.08645
1.07908
1.07496
1.08285
1.07582
1.07839
1.07925
1.07582
1.08645
1.07908
1.07016
1.07479
1.07891
1.07565
1.07582
1.07908
1.08285
1.07565
1.07633
1.07822
1.07102
1.07479
1.07462
1.07616
1.07513
1.07565
1.07119
1.07788
1.07616
1.07908
1.08217
1.07616
1.07513
1.07668
1.07942
1.07479
1.07616
1.07908
1.07479
1.07925
1.07839
1.07822
1.07891
1.07822
1.07942
1.0717
1.07822
1.08337
1.07616
1.07462
1.07616
1.07462
1.07479
1.07582
1.07479
1.07616
1.07891
1.07479
1.07633
1.08285
1.08217
1.07651
1.07479
1.07582
1.07582
1.07548
1.07582
1.07565
1.07496
1.07908
1.07822
1.07462
1.07633
1.07822
1.07925
1.07153
1.08217
1.07565
1.07599
1.07805
1.07565
1.07788
1.07599
1.07565
1.07822
1.07633
1.07891
1.07822
1.07925
1.07548
