0.241129
0.242501
0.238042
0.241644
0.238042
0.237013
0.237013
0.242158
0.237013
0.242158
0.238042
0.241644
0.238042
0.242158
0.241472
0.242501
0.241644
0.241472
0.242501
0.241644
0.242673
0.242501
0.241472
0.238042
0.242501
0.241472
0.242673
0.240957
0.242158
0.242501
0.241129
0.242673
0.242158
0.241644
0.242158
0.237013
0.241472
0.242158
0.241472
0.242158
0.238042
0.241129
0.238042
0.242673
0.241644
0.242158
0.241644
0.241129
0.242501
0.241644
0.242158
0.242673
0.241129
0.242501
0.241129
0.241472
0.242501
0.237013
0.242673
0.238042
0.237013
0.238042
0.238042
0.237013
0.238042
0.237184
0.237013
0.238042
0.241472
0.242158
0.242158
0.241129
0.242501
0.242501
0.241644
0.242673
0.241644
0.242673
0.242501
0.241472
0.242158
0.242158
0.241644
0.242158
0.241644
0.241129
0.242673
0.240957
0.242158
0.238042
0.241644
0.238042
0.238213
0.237013
0.242673
0.241644
0.241644
0.242158
0.241472
0.242158
