0.56252
0.566636
0.565607
0.566636
0.56252
0.565264
0.56252
0.562348
0.561148
0.56252
0.565607
0.566636
0.562348
0.561491
0.562348
0.562348
0.561319
0.566636
0.565607
0.566293
0.566464
0.561662
0.566636
0.562348
0.561319
0.566636
0.562348
0.561319
0.566808
0.561319
0.562348
0.562177
0.565435
0.566464
0.56252
0.561319
0.562348
0.561319
0.562348
0.562348
0.561491
0.566636
0.562348
0.561491
0.562348
0.566636
0.561319
0.566636
0.561662
0.562692
0.566636
0.565435
0.566636
0.56252
0.561662
0.562692
0.562348
0.565778
0.566808
0.561662
0.562692
0.566636
0.561491
0.566636
0.562692
0.565607
0.562177
0.561319
0.56252
0.562348
0.561319
0.56252
0.562348
0.565778
0.562348
0.56252
0.561319
0.562348
0.565607
0.56252
0.562348
0.565607
0.566636
0.566464
0.561148
0.566122
0.565778
0.565607
0.566293
0.565607
0.566636
0.566636
0.565607
0.566636
0.562348
0.565607
0.562348
0.565607
0.562692
0.566636
