0.424462
0.424634
0.421547
0.420518
0.421376
0.425663
0.420346
0.421547
0.420346
0.420346
0.425663
0.424634
0.424634
0.421719
0.424291
0.425148
0.424291
0.424291
0.42532
0.42412
0.424291
0.42532
0.424634
0.425663
0.42532
0.42412
0.425835
0.420346
0.420346
0.421376
0.420346
0.424462
0.421547
0.420518
0.425663
0.425492
0.420518
0.425148
0.424634
0.420518
0.421376
0.424634
0.424977
0.425663
0.424634
0.42532
0.424634
0.424291
0.421376
0.424291
0.424462
0.425492
0.420518
0.425663
0.425148
0.424634
0.425148
0.424634
0.420346
0.425663
0.420346
0.424634
0.425492
0.424462
0.425663
0.421376
0.420346
0.425663
0.424462
0.425663
0.424291
0.421547
0.425148
0.424634
0.421376
0.420518
0.420518
0.421376
0.420518
0.420346
0.421376
0.42412
0.421547
0.421376
0.420518
0.421376
0.420346
0.420518
0.425663
0.424805
0.424634
0.421376
0.424634
0.42532
0.425663
0.424291
0.425148
0.42412
0.424634
0.425492
