0.194481
0.194481
0.19431
0.19431
0.19431
0.19431
0.19431
0.193281
0.194138
0.19431
0.193281
0.19431
0.19431
0.19431
0.19431
0.19431
0.19431
0.19431
0.193281
0.193966
0.194481
0.193966
0.19431
0.194481
0.194481
0.19431
0.193452
0.194481
0.194138
0.193281
0.19431
0.19431
0.194481
0.19431
0.19431
0.194481
0.19431
0.193281
0.19431
0.19431
0.193452
0.194481
0.193966
0.19431
0.19431
0.19431
0.194481
0.194481
0.193281
0.194481
0.19431
0.19431
0.19431
0.193966
0.193966
0.193966
0.192937
0.194481
0.19431
0.193281
0.194481
0.193966
0.193966
0.193966
0.194481
0.193966
0.193966
0.193452
0.194481
0.194481
0.194481
0.193966
0.194481
0.194481
0.193966
0.193281
0.193966
0.194481
0.193281
0.194481
0.193966
0.19431
0.19431
0.19431
0.19431
0.194481
0.193452
0.194481
0.19431
0.193281
0.19431
0.193966
0.194481
0.19431
0.194481
0.194481
0.193966
0.193452
0.19431
0.19431
