1.03209
1.0326
1.03209
1.02797
1.03963
1.0278
1.023
1.03586
1.02831
1.02763
1.03637
1.02797
1.02763
1.0278
1.03209
1.02248
1.02814
1.02317
1.03535
1.03706
1.0362
1.03209
1.02763
1.02746
1.02746
1.02763
1.03106
1.02317
1.03672
1.03209
1.02317
1.03209
1.03637
1.03226
1.03552
1.03226
1.02763
1.02317
1.023
1.02797
1.03637
1.03209
1.02643
1.03209
1.03689
1.0266
1.03209
1.03637
1.02746
1.02317
1.02763
1.02368
1.03637
1.03106
1.02334
1.03226
1.02643
1.03655
1.03637
1.023
1.02763
1.03243
1.02814
1.023
1.0266
1.03294
1.03209
1.02763
1.023
1.02351
1.02797
1.02317
1.0266
1.023
1.03209
1.02746
1.03192
1.02746
1.02317
1.02746
1.0278
1.0278
1.0278
1.03535
1.03209
1.0278
1.023
1.02746
1.03689
1.0278
1.0326
1.02283
1.03209
1.03243
1.03106
1.03226
1.02763
1.03535
1.03689
1.03689
