0.374384
0.374384
0.373527
0.374556
0.374384
0.374556
0.374556
0.373356
0.374556
0.374556
0.373356
0.374384
0.374384
0.374384
0.374556
0.373699
0.374384
0.374556
0.373356
0.374556
0.374556
0.373356
0.374556
0.374556
0.374384
0.374384
0.373527
0.374556
0.374556
0.373356
0.378843
0.374556
0.374213
0.374556
0.378672
0.374556
0.374556
0.373527
0.378672
0.374727
0.373527
0.374384
0.374384
0.374556
0.374556
0.377643
0.378843
0.374727
0.377815
0.374556
0.374556
0.3773
0.374556
0.374556
0.374556
0.374556
0.373527
0.378843
0.378843
0.373527
0.374556
0.374384
0.377815
0.378329
0.378329
0.378843
0.378843
0.373527
0.374384
0.374556
0.373527
0.374556
0.374556
0.374727
0.374556
0.373527
0.374556
0.378843
0.373527
0.374384
0.374556
0.373527
0.374384
0.374556
0.374384
0.374384
0.373356
0.374556
0.374556
0.373356
0.374556
0.3785
0.374384
0.374384
0.377815
0.374556
0.378672
0.377815
0.374556
0.374556
