0.660789
0.660275
0.652215
0.656159
0.656673
0.656673
0.661647
0.652386
0.656159
0.660275
0.656502
0.660618
0.656159
0.656673
0.656331
0.656159
0.656331
0.660103
0.656159
0.656502
0.656331
0.656502
0.660618
0.660618
0.660789
0.657703
0.66319
0.660447
0.656331
0.652557
0.656159
0.656159
0.656331
0.660447
0.660618
0.656159
0.661475
0.660789
0.660618
0.656159
0.656331
0.656159
0.660447
0.656159
0.656673
0.656331
0.660789
0.656331
0.652386
0.656331
0.656331
0.652215
0.660447
0.660789
0.656502
0.657359
0.656159
0.660447
0.656331
0.656159
0.660447
0.656673
0.652386
0.660618
0.660618
0.656331
0.660618
0.656673
0.660275
0.660618
0.660618
0.660618
0.656159
0.660618
0.657359
0.660618
0.660618
0.660447
0.660618
0.660618
0.656159
0.656331
0.656331
0.663362
0.652386
0.661304
0.656159
0.656502
0.660618
0.660618
0.656502
0.660618
0.660789
0.660618
0.660618
0.656673
0.660618
0.663362
0.660618
0.660447
