0.844294
0.84841
0.848925
0.855613
0.85184
0.848754
0.844294
0.85287
0.840522
0.848925
0.84841
0.84841
0.849268
0.840522
0.84841
0.844466
0.85287
0.84841
0.844294
0.855613
0.84841
0.84035
0.84841
0.839492
0.848754
0.840522
0.848754
0.848754
0.84841
0.84841
0.848925
0.840522
0.844809
0.849096
0.847724
0.844809
0.849268
0.844466
0.848582
0.848925
0.849096
0.855785
0.855613
0.844466
0.849268
0.85184
0.849268
0.848925
0.84035
0.855613
0.844466
0.840522
0.855785
0.85184
0.849268
0.844466
0.840522
0.848925
0.844466
0.849268
0.844466
0.844294
0.840522
0.840693
0.840693
0.840522
0.84035
0.840693
0.848925
0.853041
0.849268
0.852698
0.847896
0.849268
0.840693
0.852355
0.855785
0.848925
0.848754
0.844809
0.84498
0.84841
0.844466
0.84378
0.844466
0.855785
0.85287
0.85287
0.844809
0.848925
0.848754
0.853384
0.855613
0.840693
0.854756
0.844294
0.844466
0.848925
0.84498
0.844466
