0.895745
0.89643
0.899689
0.895745
0.899689
0.891629
0.90432
0.886655
0.895745
0.887684
0.890599
0.896088
0.895059
0.887513
0.892143
0.890599
0.883225
0.887169
0.886655
0.895745
0.895916
0.890599
0.900375
0.899689
0.89643
0.896088
0.886483
0.8918
0.900032
0.882367
0.8918
0.887513
0.903291
0.8918
0.890771
0.887513
0.887513
0.886312
0.896088
0.887855
0.89523
0.896088
0.894715
0.891629
0.887513
0.886827
0.891629
0.896088
0.903291
0.896259
0.896088
0.887513
0.895916
0.895059
0.887684
0.887341
0.895401
0.891629
0.891629
0.894715
0.887513
0.895059
0.899689
0.904491
0.895059
0.887513
0.887513
0.890771
0.883225
0.887513
0.890771
0.900032
0.882196
0.8918
0.896602
0.890771
0.883053
0.895573
0.882196
0.887684
0.887513
0.891457
0.896088
0.895401
0.887684
0.887341
0.890599
0.8918
0.891629
0.894715
0.891971
0.891114
0.895916
0.896602
0.895401
0.891457
0.896259
0.89523
0.892143
0.8918
