0.699206
0.711554
0.712068
0.710524
0.712068
0.711554
0.702293
0.707266
0.712068
0.706752
0.707266
0.715841
0.711554
0.707609
0.702121
0.707094
0.699034
0.702121
0.712068
0.699034
0.710353
0.703322
0.715841
0.715841
0.699034
0.710353
0.711382
0.70315
0.711039
0.702978
0.707609
0.70315
0.707266
0.71464
0.70778
0.707609
0.706237
0.718756
0.702978
0.714812
0.698862
0.712068
0.71567
0.707438
0.706752
0.712068
0.70778
0.71464
0.716012
0.707438
0.710524
0.703322
0.711554
0.703322
0.715841
0.702293
0.70315
0.711554
0.710524
0.70315
0.711382
0.707438
0.712068
0.710353
0.71224
0.707438
0.702464
0.708124
0.711554
0.70315
0.711554
0.707438
0.715841
0.702978
0.706409
0.702978
0.707609
0.701949
0.702978
0.70315
0.698691
0.707438
0.710524
0.711554
0.711896
0.701949
0.71567
0.70315
0.710524
0.702978
0.711725
0.703322
0.707438
0.71121
0.711554
0.715841
0.701949
0.716184
0.707438
0.707266
