0.047334
0.047334
0.046305
0.047334
0.047334
0.046305
0.047334
0.047334
0.0468195
0.047334
0.046305
0.047334
0.047334
0.046305
0.047334
0.047334
0.046305
0.047334
0.047334
0.047334
0.047334
0.046305
0.047334
0.047334
0.046305
0.047334
0.047334
0.046305
0.047334
0.047334
0.047334
0.047334
0.046305
0.047334
0.047334
0.046305
0.047334
0.047334
0.047334
0.047334
0.046305
0.047334
0.047334
0.046305
0.047334
0.047334
0.046305
0.047334
0.047334
0.047334
0.047334
0.046305
0.047334
0.047334
0.046305
0.047334
0.047334
0.046305
0.047334
0.046305
0.047334
0.047334
0.046305
0.047334
0.047334
0.046305
0.047334
0.047334
0.047334
0.047334
0.046305
0.047334
0.047334
0.046305
0.047334
0.047334
0.046305
0.047334
0.047334
0.047334
0.047334
0.046305
0.047334
0.047334
0.046305
0.047334
0.047334
0.047334
0.047334
0.046305
0.047334
0.047334
0.046305
0.047334
0.047334
0.046305
0.047334
0.047334
0.047334
0.047334
