1.02626
1.29071
1.0753
1.28865
1.29277
1.01236
0.964001
1.09863
1.04889
1.06176
1.03569
1.0326
1.05747
1.06913
1.2799
1.03174
1.07616
1.08148
1.05164
1.28436
1.023
0.941878
1.04529
1.04872
1.28025
1.02283
1.29843
1.27167
1.28282
1.28745
1.07308
1.00516
1.28042
1.01391
1.28556
0.899689
1.08697
1.11509
1.28899
1.29671
1.00465
1.27562
1.29671
1.00225
1.12641
1.29431
1.28454
1.09674
1.30511
1.0194
1.08594
1.28025
1.07959
1.28608
1.01408
1.28848
1.03312
1.28968
1.29328
1.29157
1.10395
1.28505
1.29946
1.08971
0.979951
1.28848
1.28505
1.00739
0.963659
1.08182
1.08079
1.05781
1.07719
1.05215
1.04529
1.05747
1.04478
1.28025
1.03123
0.940334
0.930902
1.06004
1.05627
1.29877
0.993842
1.13567
1.06604
0.905006
1.2775
1.28385
1.29208
1.02385
1.1343
1.04169
1.03655
1.03243
1.03723
1.1096
0.921641
1.0657
