0.7203
0.732476
0.749112
0.737621
0.743967
0.741737
0.748083
0.741051
0.737621
0.732476
0.720986
0.7203
0.732648
0.742081
0.733163
0.743967
0.737621
0.740708
0.733334
0.733334
0.743967
0.741909
0.729218
0.72836
0.733163
0.728189
0.736764
0.724931
0.743967
0.733505
0.728703
0.74088
0.733505
0.733505
0.741051
0.733163
0.728189
0.729218
0.737621
0.728189
0.729218
0.729218
0.736592
0.729218
0.732476
0.740708
0.745167
0.740708
0.742081
0.741737
0.72836
0.729218
0.733849
0.728189
0.742081
0.723902
0.74088
0.744996
0.736592
0.744824
0.733163
0.728189
0.729218
0.733334
0.743967
0.741737
0.732305
0.744138
0.744996
0.728018
0.744996
0.73745
0.732476
0.742081
0.736592
0.736935
0.744996
0.72836
0.725102
0.728703
0.736935
0.733334
0.742081
0.728018
0.737965
0.732305
0.729218
0.729561
0.728189
0.725273
0.713269
0.748083
0.729389
0.74088
0.724759
0.729389
0.741051
0.737621
0.729561
0.740708
