1.32381
1.3317
1.33118
1.33856
0.959543
0.843437
1.33238
1.03843
1.34079
0.96383
1.34079
1.32775
0.972405
1.33135
1.32312
1.32329
1.32707
1.33187
1.32312
1.32587
1.34885
1.02677
0.798504
0.793702
1.31935
1.04787
0.960057
1.32415
1.32329
1.32707
1.32415
1.3281
1.3281
1.33015
1.33101
1.04186
0.785127
0.789757
1.31935
1.32724
1.32707
1.32278
1.32295
1.32758
1.33015
1.04512
0.802449
0.801248
1.32364
1.33153
1.32364
1.33581
1.02145
0.805364
1.33598
1.33101
1.32707
1.32329
1.33598
1.32278
1.33976
1.33153
1.04821
0.798333
0.818741
1.33135
1.33204
1.32741
1.33238
1.32261
1.33187
1.3365
1.3353
1.01785
0.813425
0.783755
1.3365
1.33084
1.33153
0.97292
0.794388
1.32381
0.98098
1.33598
1.33101
1.34044
1.32758
1.32775
0.980294
0.829545
1.3269
1.32758
1.33101
1.33598
1.33616
1.33667
1.32655
1.33135
1.34422
1.33084
