22.8815
22.8843
22.8896
22.8851
22.8793
22.8791
22.8851
22.8779
22.882
22.8805
22.8841
22.8728
22.8858
22.886
22.8541
22.8898
22.8827
22.8814
22.8704
22.8736
22.874
22.8826
22.8774
22.8817
22.882
22.888
22.8843
22.8843
22.8802
22.8838
22.8822
22.8839
22.886
22.8517
22.8827
22.8831
22.8844
22.8834
22.8793
22.8815
22.8855
22.8853
22.886
22.8762
22.8802
22.8796
22.8848
22.8843
22.8836
22.885
22.8872
22.8868
22.8556
22.8882
22.8826
22.8839
22.8868
22.8889
22.8858
22.8874
22.8913
22.8898
22.8844
22.8865
22.8844
22.8839
22.8774
22.8817
22.8851
22.8858
22.8819
22.8524
22.8865
22.8865
22.8843
22.8941
22.8903
22.8882
22.8868
22.8908
22.8941
22.8932
22.8911
22.8908
22.8865
22.8868
22.8891
22.8874
22.8894
22.8858
22.8515
22.8915
22.882
22.8836
22.8832
22.8879
22.8891
22.8918
22.8906
22.8918
