0.93759
0.913752
1.242
0.916496
0.92267
0.937762
0.936562
0.914953
0.909808
0.935533
1.11132
1.23326
0.918383
1.242
0.916324
1.24629
1.24166
0.934503
0.922499
0.909293
1.24252
0.901404
0.930044
0.910837
1.23343
1.10463
1.24269
1.23326
0.913752
1.23429
0.925586
0.935361
0.93759
0.921298
0.931245
0.916839
0.952511
0.928158
1.23411
1.23446
1.04907
1.23343
1.24698
0.929873
1.2348
1.23892
0.909464
1.05232
0.935533
1.23789
1.24286
1.22966
1.23034
1.23446
0.92953
1.23514
0.918554
1.23343
0.927129
1.07445
1.06004
0.930902
1.23874
1.23034
1.24252
1.24166
1.25109
0.926443
1.2384
1.23446
1.06004
1.2336
0.931245
0.91238
0.913238
1.04512
1.25401
1.23446
1.23
1.23326
1.23892
0.916839
0.941535
1.25384
0.923013
1.24217
0.966231
0.919926
1.03209
1.22931
1.2396
0.949938
0.930216
1.23892
0.95817
0.929358
0.911179
1.22948
0.923013
0.925414
