0.263938
0.263424
0.260166
0.263424
0.263252
0.264282
0.263424
0.25605
0.264453
0.259136
0.255878
0.263424
0.263252
0.264453
0.263424
0.263424
0.264282
0.263424
0.255706
0.264453
0.263424
0.264453
0.263424
0.258794
0.264453
0.258965
0.263424
0.264453
0.263424
0.264625
0.263424
0.263252
0.264453
0.263424
0.263424
0.263081
0.263424
0.263252
0.263424
0.264453
0.263424
0.263424
0.264453
0.263252
0.263424
0.264453
0.263424
0.264453
0.264453
0.263424
0.264453
0.263424
0.263424
0.264453
0.263424
0.263424
0.264453
0.258965
0.264453
0.263252
0.263424
0.260166
0.25502
0.263424
0.264453
0.263424
0.263424
0.264453
0.263424
0.264453
0.263424
0.263424
0.264453
0.258794
0.263424
0.264453
0.263424
0.264453
0.264453
0.258794
0.259994
0.263424
0.263424
0.264453
0.263424
0.263424
0.259994
0.263424
0.264625
0.263595
0.263252
0.259822
0.263424
0.263424
0.264625
0.263424
0.264453
0.264453
0.263424
0.264625
