0.302011
0.305613
0.302354
0.305441
0.302011
0.302183
0.302183
0.303212
0.302183
0.302354
0.302526
0.302011
0.305784
0.302183
0.301497
0.303383
0.302698
0.302183
0.303383
0.302183
0.302354
0.302698
0.302354
0.302183
0.302011
0.305784
0.303555
0.302011
0.302183
0.305784
0.302183
0.302183
0.302183
0.302011
0.306814
0.305784
0.302011
0.303555
0.302354
0.305784
0.305784
0.302354
0.302183
0.302183
0.301497
0.303555
0.302354
0.302354
0.303212
0.302354
0.302183
0.302526
0.30184
0.303383
0.302183
0.302183
0.303383
0.302183
0.302183
0.302011
0.30184
0.302354
0.30184
0.301497
0.303555
0.30184
0.302183
0.303041
0.30184
0.30184
0.302526
0.302526
0.302354
0.302354
0.301668
0.303041
0.302354
0.302183
0.303212
0.302526
0.302183
0.302183
0.302526
0.303212
0.302354
0.302183
0.306642
0.302011
0.302183
0.302526
0.302011
0.302354
0.302354
0.301497
0.303555
0.302354
0.302526
0.303041
0.302354
0.302183
