22.8928
22.8884
22.8889
22.8853
22.8899
22.8846
22.8824
22.8841
22.8841
22.8843
22.8874
22.8863
22.8872
22.8862
22.8771
22.881
22.8863
22.8884
22.8577
22.8934
22.8872
22.8826
22.8863
22.886
22.8855
22.8874
22.8894
22.8918
22.8874
22.8824
22.8808
22.8899
22.8889
22.8925
22.8874
22.8862
22.8851
22.8498
22.8841
22.8856
22.8836
22.8889
22.8908
22.8868
22.8827
22.8877
22.8822
22.8858
22.8887
22.887
22.8879
22.8891
22.882
22.8798
22.8865
22.885
22.8525
22.8863
22.887
22.8812
22.8856
22.887
22.8915
22.8896
22.8889
22.8927
22.8937
22.893
22.8918
22.8934
22.8894
22.8879
22.8832
22.8882
22.8904
22.8627
22.8927
22.8879
22.8908
22.8868
22.8904
22.8868
22.891
22.8899
22.8908
22.8937
22.8882
22.8875
22.8966
22.8932
22.888
22.8889
22.8915
22.8932
22.8637
22.893
22.8918
22.8899
22.8932
22.8904
