0.438868
0.439898
0.43904
0.440069
0.446243
0.446243
0.4471
0.446243
0.446243
0.442984
0.438868
0.446072
0.442984
0.446243
0.439898
0.43904
0.43904
0.443327
0.43904
0.438868
0.443156
0.441613
0.446243
0.446243
0.446243
0.443156
0.442127
0.446243
0.447272
0.438868
0.441784
0.447272
0.442127
0.443156
0.439211
0.446072
0.443156
0.446243
0.446072
0.447272
0.442127
0.438868
0.443156
0.442127
0.443156
0.442127
0.442127
0.442984
0.446072
0.442127
0.440069
0.442127
0.440069
0.442127
0.442127
0.442984
0.446072
0.446072
0.447272
0.442127
0.442127
0.447272
0.441956
0.443156
0.446072
0.43904
0.447272
0.441613
0.446243
0.443156
0.446243
0.442127
0.442127
0.442127
0.439898
0.446243
0.438868
0.439898
0.43904
0.446243
0.447272
0.441956
0.447272
0.442127
0.43904
0.447272
0.439211
0.441956
0.443156
0.43904
0.442127
0.442641
0.438868
0.443156
0.446243
0.446243
0.443156
0.442299
0.442127
0.440069
