0.400281
0.396165
0.399252
0.396165
0.395136
0.400281
0.400281
0.399252
0.400281
0.400281
0.395136
0.396165
0.40354
0.403368
0.396165
0.395136
0.396165
0.396165
0.395136
0.396165
0.395994
0.395136
0.396165
0.395136
0.396165
0.395994
0.40354
0.400281
0.404568
0.395136
0.395994
0.40354
0.399252
0.404397
0.40354
0.395994
0.396165
0.395136
0.400281
0.400281
0.394964
0.404397
0.394964
0.396165
0.400281
0.399252
0.404397
0.395994
0.40354
0.396165
0.396165
0.395136
0.404568
0.399252
0.395994
0.404568
0.403368
0.404568
0.396165
0.403368
0.400281
0.394964
0.396165
0.396165
0.395136
0.396165
0.395994
0.40354
0.400281
0.404568
0.40354
0.404568
0.40354
0.396165
0.404568
0.399595
0.404568
0.400452
0.40354
0.404568
0.40354
0.399424
0.400452
0.395136
0.404568
0.404568
0.40354
0.404568
0.404568
0.395136
0.400281
0.403368
0.40354
0.396165
0.395136
0.404568
0.400281
0.403368
0.400281
0.404397
