0.353804
0.353976
0.353804
0.353976
0.353119
0.354147
0.354147
0.353976
0.353976
0.353976
0.353976
0.353976
0.352947
0.349689
0.354147
0.349517
0.354147
0.35792
0.354147
0.349517
0.353976
0.349517
0.349346
0.353119
0.353976
0.353976
0.353976
0.353976
0.354147
0.353976
0.349517
0.353119
0.353976
0.353976
0.352947
0.353976
0.353976
0.353976
0.353976
0.353976
0.353976
0.354147
0.353119
0.354147
0.354147
0.354147
0.353804
0.353462
0.354147
0.352775
0.358092
0.354147
0.348316
0.353976
0.354147
0.353976
0.357063
0.353976
0.353976
0.357578
0.353976
0.349517
0.353976
0.353119
0.349517
0.353976
0.349517
0.354147
0.354147
0.354147
0.353976
0.348488
0.349517
0.349517
0.349517
0.354147
0.354147
0.353976
0.353976
0.353976
0.353976
0.354147
0.348488
0.349346
0.354147
0.349517
0.349517
0.353976
0.353976
0.353976
0.352947
0.353976
0.353976
0.352947
0.353976
0.349517
0.354147
0.354147
0.353976
0.349346
