0.598535
0.601794
0.6174
0.602822
0.621687
0.608825
0.602994
0.60591
0.598706
0.601279
0.597677
0.606596
0.601622
0.660103
0.619973
0.601622
0.60591
0.610368
0.608825
0.614484
0.601794
0.638152
0.614484
0.617571
0.647412
0.619286
0.608825
0.617571
0.6186
0.608997
0.602994
0.613284
0.608825
0.602994
0.601965
0.601965
0.639524
0.601965
0.606938
0.617571
0.608825
0.606938
0.60591
0.643125
0.615685
0.606081
0.602136
0.60711
0.608997
0.609854
0.60248
0.626661
0.610197
0.602136
0.613113
0.618772
0.608997
0.621859
0.613455
0.613627
0.609854
0.613455
0.608825
0.614484
0.613627
0.613113
0.609854
0.597849
0.606938
0.609168
0.601794
0.610197
0.601965
0.643125
0.604023
0.601794
0.602822
0.610368
0.60591
0.614313
0.60591
0.59802
0.602822
0.606081
0.617743
0.610197
0.617571
0.603166
0.60591
0.601965
0.614484
0.626318
0.642782
0.60368
0.617743
0.613455
0.627347
0.606081
0.617571
0.608825
