0.613798
0.599221
0.598192
0.613455
0.614999
0.593904
0.600765
0.611912
0.601965
0.60591
0.610368
0.598364
0.602822
0.598364
0.597849
0.61054
0.598192
0.608653
0.607282
0.613627
0.608825
0.609511
0.609511
0.599392
0.598192
0.597849
0.599392
0.613455
0.602651
0.607282
0.597677
0.599392
0.613798
0.597677
0.610712
0.597677
0.605052
0.599735
0.609339
0.609854
0.607282
0.601965
0.61054
0.61397
0.597849
0.598878
0.597849
0.598192
0.598878
0.598364
0.606938
0.606081
0.606252
0.606767
0.598364
0.605223
0.61517
0.598364
0.601794
0.603508
0.593561
0.599392
0.613284
0.609511
0.614656
0.606081
0.612598
0.611226
0.593733
0.599221
0.610368
0.609339
0.610368
0.602308
0.59802
0.606938
0.598364
0.605567
0.607282
0.598192
0.599392
0.609339
0.613455
0.610197
0.60591
0.608653
0.611569
0.59339
0.613627
0.59905
0.606081
0.610197
0.609683
0.609168
0.610712
0.609168
0.609683
0.60368
0.613284
0.609339
