1.09314
1.08903
0.935361
1.08457
0.939649
1.09829
1.08903
0.917354
1.08457
0.92953
1.08131
0.92953
1.08885
0.954569
1.08045
1.09023
0.954912
1.08903
0.938963
1.0892
0.949767
0.917868
1.0892
1.07256
1.09691
0.658732
0.938791
0.925414
1.08542
1.08491
1.08457
0.935361
0.944622
1.08885
0.946509
0.930044
1.07702
1.08954
1.08868
0.921984
1.08474
1.08474
1.09434
0.93416
0.94102
1.08988
1.08457
1.10309
1.08903
0.91015
1.08096
1.08868
1.07359
1.09383
1.09331
0.941364
0.954912
1.08885
0.910493
1.0892
1.08457
0.946509
1.09314
1.09314
1.09434
0.93416
1.08148
0.622716
1.08885
1.09451
0.921298
0.930044
0.921812
1.09314
0.937419
1.09417
1.08474
1.08148
0.946166
0.933303
0.926271
0.925928
0.939477
1.09811
0.909122
0.917696
1.08525
1.09777
1.08988
1.09794
1.09383
1.08165
0.916668
1.08131
1.0988
1.09366
1.08542
0.917182
1.08885
0.942564
