22.8968
22.8966
22.8982
22.8922
22.9006
22.8954
22.8963
22.8947
22.898
22.893
22.8627
22.898
22.8958
22.8937
22.8966
22.8908
22.8863
22.8923
22.8937
22.8956
22.8939
22.8983
22.8963
22.9001
22.8904
22.8941
22.8965
22.897
22.897
22.8663
22.9018
22.8937
22.8946
22.8949
22.8937
22.8954
22.8927
22.8923
22.8904
22.8946
22.8937
22.8987
22.897
22.8977
22.8947
22.8965
22.8978
22.8935
22.8611
22.8982
22.8977
22.8977
22.8961
22.899
22.8949
22.8949
22.8941
22.8944
22.8886
22.891
22.8942
22.8932
22.8937
22.8923
22.8953
22.8951
22.897
22.8623
22.8977
22.8973
22.9033
22.8942
22.8946
22.8978
22.8942
22.8916
22.8846
22.885
22.8892
22.8922
22.891
22.8923
22.8892
22.8911
22.8916
22.8891
22.8587
22.8896
22.8868
22.892
22.8908
22.8889
22.8879
22.8822
22.8812
22.8868
22.891
22.8913
22.8884
22.8896
