0.584301
0.584301
0.583272
0.580356
0.583272
0.583272
0.592875
0.587902
0.580013
0.584129
0.591847
0.593047
0.591847
0.591847
0.592875
0.591847
0.596134
0.593047
0.591847
0.589103
0.584643
0.579327
0.592875
0.596134
0.592018
0.592875
0.596134
0.583957
0.597335
0.587902
0.592875
0.593047
0.592018
0.588759
0.591847
0.587731
0.584472
0.583272
0.584472
0.584472
0.596134
0.597163
0.596134
0.596134
0.584472
0.587731
0.580013
0.584472
0.583272
0.597163
0.588759
0.587902
0.592875
0.596134
0.587902
0.593561
0.596134
0.584301
0.584472
0.583272
0.584472
0.584301
0.587902
0.589103
0.591847
0.587731
0.584472
0.588073
0.589103
0.588588
0.592018
0.593561
0.596134
0.596305
0.588931
0.591847
0.583786
0.580185
0.583272
0.597335
0.589103
0.587902
0.584472
0.591847
0.588073
0.584472
0.583443
0.584472
0.584472
0.579327
0.580356
0.587731
0.583443
0.580527
0.583443
0.579498
0.584643
0.583272
0.597163
0.588931
