1.12727
1.13156
1.12727
1.13156
1.12744
1.14819
1.13996
1.13499
1.14048
1.13516
0.912894
1.13962
1.12761
1.13139
1.13173
1.03466
1.13241
1.12727
0.917696
1.13241
1.13121
1.13173
1.13173
1.1355
1.13259
1.14408
1.1403
1.13619
1.1355
1.13533
1.12778
1.13962
1.13962
1.1355
1.14819
1.12881
1.1355
1.13156
1.14099
1.1355
1.12778
1.13156
1.12744
1.13224
0.626661
0.920784
0.628719
1.13121
1.13173
1.13173
1.13499
1.12744
1.13156
1.13156
1.13996
0.905177
1.13945
1.1367
1.13173
1.13567
0.925242
0.626832
1.13945
1.14836
1.13945
0.62426
1.14391
0.622202
0.627347
1.13945
1.13173
0.622202
1.15248
1.15265
1.13121
1.13979
1.13224
1.13516
0.634207
1.13516
1.13156
1.13139
1.13173
1.14408
0.632321
1.13516
1.12778
1.13602
1.1355
0.637809
1.13945
1.13962
1.13499
1.13121
1.13979
0.62426
1.1355
0.917696
1.13259
1.13139
