1.19158
1.2005
1.18661
1.18369
1.18438
1.17941
1.18404
1.19124
1.18712
1.11938
1.04564
1.18729
1.18421
1.18609
1.18455
1.19587
1.18729
1.04015
1.18335
0.937934
1.19124
1.18764
1.19621
1.18335
1.19072
1.19175
1.18421
1.19107
1.18009
1.18729
1.18386
1.19141
1.18318
1.04135
1.18369
1.18729
1.18678
1.18712
1.18009
1.18747
1.19175
1.09417
1.18764
1.18249
1.18712
1.18369
1.19467
0.932103
1.20427
1.17958
1.18695
1.18318
1.09811
1.18386
1.07376
1.19175
1.18747
1.18747
1.18352
1.18747
1.17958
1.19107
1.19501
1.19124
1.03243
1.18712
1.18712
1.2041
1.17975
1.19124
1.03723
1.19604
1.18712
1.18266
1.10549
1.19107
1.17992
1.18369
1.19124
1.19175
1.18369
1.18318
1.04889
1.20427
1.10566
1.18661
1.19107
1.17958
0.934332
1.18404
1.18712
1.18729
1.18318
1.18764
1.19124
1.18369
1.18661
0.960571
1.17512
0.922841
