0.489976
0.490319
0.494606
0.49735
0.489976
0.491176
0.489976
0.494606
0.486031
0.489976
0.489976
0.489976
0.49049
0.489976
0.486203
0.494606
0.491004
0.489976
0.489976
0.489976
0.486031
0.486031
0.489976
0.489976
0.49049
0.490147
0.490147
0.490147
0.489976
0.489976
0.486031
0.48586
0.49049
0.490147
0.494606
0.48706
0.489976
0.486031
0.490147
0.486031
0.486031
0.49735
0.489976
0.489976
0.490147
0.490147
0.489976
0.489976
0.489976
0.486031
0.489976
0.494606
0.486203
0.494606
0.494606
0.494606
0.49049
0.497178
0.489976
0.490147
0.490147
0.49049
0.490147
0.494606
0.490147
0.491004
0.490147
0.486031
0.490147
0.490147
0.486031
0.486031
0.490147
0.490147
0.490147
0.490147
0.490147
0.494092
0.490147
0.494606
0.486031
0.490147
0.494606
0.494606
0.491176
0.490147
0.490147
0.494606
0.49735
0.494606
0.489976
0.486203
0.489976
0.485173
0.48706
0.493234
0.48586
0.494606
0.494606
0.49735
