0.855099
0.855099
0.870534
0.870534
0.862131
0.870534
0.865389
0.87465
0.858015
0.854241
0.866418
0.870363
0.862131
0.857843
0.857843
0.866418
0.857843
0.856814
0.857843
0.857843
0.869676
0.874821
0.861959
0.858015
0.857843
0.857671
0.862131
0.858015
0.856814
0.870705
0.854927
0.862131
0.862131
0.870877
0.858186
0.858015
0.865389
0.870534
0.870534
0.861102
0.861959
0.866247
0.857843
0.866418
0.870534
0.861959
0.874821
0.856814
0.861959
0.857843
0.869505
0.87465
0.874821
0.866247
0.874821
0.856814
0.870534
0.870705
0.856814
0.862131
0.861959
0.873792
0.866418
0.87465
0.857843
0.874821
0.869505
0.870534
0.857671
0.857843
0.858015
0.861959
0.870877
0.857843
0.866418
0.862131
0.857843
0.86556
0.857843
0.855099
0.869505
0.870534
0.861616
0.851155
0.853384
0.858357
0.858015
0.869676
0.858015
0.874821
0.858015
0.857843
0.870534
0.87465
0.874821
0.869505
0.874821
0.874821
0.873792
0.874821
