0.541426
0.540911
0.53731
0.533365
0.549143
0.541768
0.545884
0.541768
0.537481
0.536452
0.537481
0.537481
0.536281
0.53731
0.541597
0.549143
0.53731
0.536452
0.537481
0.537481
0.536281
0.537481
0.533365
0.536452
0.54194
0.537481
0.533365
0.541768
0.540911
0.53731
0.54194
0.544684
0.533365
0.533365
0.537481
0.537481
0.545884
0.541768
0.545884
0.536452
0.53731
0.537481
0.536281
0.54194
0.537481
0.545884
0.550172
0.544855
0.54194
0.537481
0.536452
0.533365
0.533193
0.536623
0.537481
0.545884
0.54194
0.537481
0.540911
0.550172
0.537481
0.544855
0.54194
0.541597
0.537481
0.537481
0.541597
0.537481
0.545884
0.540568
0.541597
0.541768
0.536623
0.537481
0.545884
0.545884
0.537481
0.544855
0.53731
0.533365
0.544855
0.533365
0.545713
0.537481
0.541597
0.537481
0.53731
0.537481
0.536452
0.53731
0.545884
0.536281
0.54537
0.533193
0.536109
0.55
0.533193
0.53731
0.536452
0.53731
