0.772093
0.76489
0.771578
0.77518
0.773122
0.76369
0.772093
0.769006
0.767806
0.769006
0.772093
0.767977
0.769006
0.772093
0.771064
0.769521
0.755286
0.769006
0.768834
0.77175
0.760602
0.77175
0.759402
0.776038
0.775008
0.77518
0.776038
0.759574
0.776038
0.767977
0.775008
0.776038
0.77518
0.770893
0.77295
0.772093
0.772264
0.778953
0.781354
0.779124
0.763518
0.764718
0.759574
0.779468
0.776209
0.759574
0.756486
0.772779
0.759574
0.760774
0.77518
0.77175
0.764718
0.755286
0.763861
0.77295
0.76369
0.760431
0.76369
0.77518
0.772779
0.755458
0.779639
0.780496
0.759574
0.768148
0.776038
0.759574
0.764718
0.772093
0.763861
0.769006
0.76369
0.779468
0.769349
0.759574
0.756486
0.760431
0.767977
0.760602
0.759402
0.759402
0.76489
0.77175
0.767806
0.769006
0.767977
0.769006
0.755629
0.767977
0.76489
0.763518
0.779468
0.776209
0.767806
0.768148
0.776038
0.775008
0.769006
0.767977
