0.622374
0.96503
0.609339
0.617057
0.616199
0.609339
0.617571
0.610883
0.964688
0.619458
0.609339
0.613798
0.971719
0.609511
0.617229
0.623231
0.606424
0.617743
0.602308
0.606252
0.622716
0.626832
0.616543
0.628547
0.613284
0.617571
0.610026
0.614142
0.614142
0.609339
0.606252
0.602994
0.613798
0.612598
0.60711
0.609168
0.603851
0.609339
0.60591
0.607453
0.617571
0.606424
0.609683
0.618258
0.617743
0.619115
0.613455
0.602994
0.60591
0.613798
0.614484
0.605738
0.608653
0.615514
0.612941
0.618086
0.614484
0.613455
0.6186
0.613627
0.618086
0.603337
0.613455
0.617571
0.610883
0.601794
0.613798
0.617743
0.618086
0.610368
0.608997
0.612598
0.619801
0.602308
0.606252
0.610368
0.602136
0.603337
0.606081
0.6174
0.610368
0.617571
0.617057
0.611226
0.613284
0.609683
0.60711
0.609339
0.60711
0.621859
0.609854
0.618258
0.613798
0.61397
0.602822
0.605738
0.603337
0.62203
0.602822
0.603337
