0.814797
0.814968
0.811881
0.815139
0.830575
0.814797
0.810852
0.814968
0.819084
0.814797
0.819084
0.819084
0.814797
0.812052
0.810852
0.819084
0.819255
0.810852
0.810852
0.811023
0.823371
0.815997
0.810852
0.814968
0.819084
0.819255
0.810852
0.8232
0.823371
0.827487
0.811023
0.823371
0.824572
0.827659
0.819084
0.823371
0.823543
0.810852
0.827659
0.826287
0.823371
0.819255
0.827487
0.827659
0.827659
0.827659
0.823371
0.823371
0.823371
0.827659
0.810852
0.815826
0.814968
0.819255
0.814968
0.811023
0.827659
0.827659
0.806736
0.827659
0.823543
0.823543
0.820284
0.827316
0.823543
0.814968
0.823543
0.819598
0.811023
0.814797
0.816168
0.814968
0.810852
0.810852
0.810852
0.827316
0.811023
0.823371
0.814968
0.819255
0.819598
0.815997
0.814968
0.810852
0.827316
0.815139
0.827316
0.827659
0.810681
0.819427
0.819598
0.814968
0.81171
0.819427
0.810852
0.827659
0.819255
0.810852
0.827487
0.814797
