0.900546
0.92044
0.893686
0.904662
0.892829
0.91015
0.92044
0.905863
0.900546
0.888713
0.917182
0.900546
0.892829
0.906377
0.891457
0.91015
0.8918
0.892658
0.905863
0.912037
0.9249
0.917525
0.8918
0.897288
0.897631
0.904834
0.901404
0.911865
0.897288
0.892829
0.909122
0.909979
0.921812
0.904491
0.901576
0.897631
0.912037
0.905863
0.909293
0.901576
0.917354
0.912037
0.901747
0.905863
0.904834
0.89746
0.909122
0.897631
0.897116
0.891971
0.913238
0.913409
0.896259
0.905863
0.901918
0.916324
0.901747
0.895916
0.906034
0.913066
0.887169
0.89746
0.897288
0.909636
0.905863
0.90895
0.900546
0.89746
0.900546
0.913066
0.917182
0.913066
0.921641
0.920612
0.689259
0.89643
0.909122
0.91015
0.909122
0.909808
0.906549
0.916324
0.897288
0.888542
0.912037
0.913238
0.896774
0.905863
0.888542
0.896088
0.917354
0.906206
0.904834
0.901918
0.900375
0.900718
0.892829
0.887513
0.912037
0.91015
