1.04941
1.04546
1.04203
0.926957
1.04546
1.04615
1.04958
0.921126
0.926443
0.940506
1.04203
1.05815
1.04135
0.953368
1.05833
0.934332
1.06261
0.929702
1.05387
1.04632
0.929358
0.924385
0.930559
1.05335
1.06261
1.04169
1.04941
1.04941
0.921126
1.04941
1.04615
0.920784
1.04718
0.935704
0.93759
0.910493
1.04975
0.909808
1.06244
1.04855
1.04221
1.04186
1.04838
1.05387
1.05404
1.04169
0.935018
0.915467
0.929702
1.05867
1.04872
1.05815
0.942907
1.05335
1.04186
1.05387
1.04203
1.04238
0.916496
0.929358
0.925242
1.04855
1.04684
1.03758
1.04838
0.953712
0.924556
0.925586
0.925757
0.933818
0.916668
1.04666
1.04872
0.93759
0.917354
1.04684
1.04666
1.05284
0.920784
0.913409
0.941364
0.919755
0.942735
1.04066
0.930387
1.05438
0.924556
0.930731
0.925071
1.05833
0.939134
0.945136
0.901404
1.04632
0.933646
0.930559
1.04889
1.05404
1.04186
1.04083
