0.912037
0.998473
0.991099
0.998644
0.994357
1.00739
0.990927
0.994357
1.01048
0.991099
0.906206
0.998987
0.941706
0.921812
0.991099
0.926271
0.950967
0.933474
0.92267
0.929187
1.00722
0.927129
1.00722
0.940163
0.902776
0.990927
0.954054
0.934675
0.998816
0.99127
0.994528
0.92147
0.909979
0.986639
1.0031
0.983038
0.991099
0.986811
0.982352
1.00705
0.901747
0.994186
0.990755
0.926957
0.916496
0.99127
0.992299
0.986468
0.986811
0.991099
0.991441
0.986983
0.916153
0.990755
0.919069
0.900546
0.910665
0.994014
0.991099
0.998644
1.00293
0.982352
0.98218
0.986639
1.01151
0.998644
0.998644
0.994186
0.99127
0.925071
0.982352
0.998644
0.994014
1.00722
0.998644
0.922327
0.987497
0.998644
0.991099
0.933818
1.00293
0.922155
0.986468
0.917525
0.994871
0.994528
0.99127
0.99127
0.916496
0.938963
0.994186
0.990584
0.915124
1.00722
0.940678
0.998644
0.982524
0.998816
0.994186
0.921126
