0.212317
0.220892
0.213518
0.21266
0.213518
0.212489
0.220892
0.22072
0.219863
0.22072
0.213518
0.212317
0.213346
0.213518
0.213346
0.220892
0.212489
0.22072
0.213518
0.212489
0.213518
0.213518
0.212489
0.213518
0.213518
0.22072
0.220892
0.219692
0.22072
0.220892
0.212317
0.22072
0.22072
0.219863
0.213518
0.219863
0.220892
0.22072
0.219692
0.220892
0.220892
0.219863
0.220892
0.220892
0.22072
0.22072
0.219692
0.220892
0.22072
0.219863
0.220892
0.22072
0.219863
0.220892
0.213174
0.220892
0.22072
0.219863
0.220892
0.22072
0.219863
0.220892
0.220892
0.219692
0.22072
0.219863
0.220892
0.213518
0.219863
0.220892
0.213518
0.219863
0.220892
0.220892
0.220892
0.220892
0.212489
0.220892
0.220892
0.212489
0.217634
0.213518
0.219863
0.220892
0.219863
0.220892
0.225008
0.212489
0.217634
0.213518
0.219863
0.217634
0.22072
0.220034
0.225008
0.219692
0.225008
0.220892
0.219863
0.213518
